0	0	0.1
0	0.03	0.0709
0	0.06	0.0436
0	0.09	0.0181
0	0.12	-0.0056
0	0.15	-0.0275
0	0.18	-0.0476
0	0.21	-0.0659
0	0.24	-0.0824
0	0.27	-0.0971
0	0.3	-0.11
0	0.33	-0.1211
0	0.36	-0.1304
0	0.39	-0.1379
0	0.42	-0.1436
0	0.45	-0.1475
0	0.48	-0.1496
0	0.51	-0.1499
0	0.54	-0.1484
0	0.57	-0.1451
0	0.6	-0.14
0	0.63	-0.1331
0	0.66	-0.1244
0	0.69	-0.1139
0	0.72	-0.1016
0	0.75	-0.0875
0	0.78	-0.0716
0	0.81	-0.0539
0	0.84	-0.0344
0	0.87	-0.0131
0	0.9	0.01
0	0.93	0.0349
0	0.96	0.0616
0	0.99	0.0901
0.01	0	0.1
0.01	0.03	0.077779
0.01	0.06	0.0549962
0.01	0.09	0.0324647
0.01	0.12	0.0107189
0.01	0.15	-0.00988948
0.01	0.18	-0.029128
0.01	0.21	-0.0468415
0.01	0.24	-0.0629246
0.01	0.27	-0.077302
0.01	0.3	-0.0899158
0.01	0.33	-0.100714
0.01	0.36	-0.110244
0.01	0.39	-0.119261
0.01	0.42	-0.127462
0.01	0.45	-0.134616
0.01	0.48	-0.140564
0.01	0.51	-0.14539
0.01	0.54	-0.145686
0.01	0.57	-0.142897
0.01	0.6	-0.137942
0.01	0.63	-0.131084
0.01	0.66	-0.122396
0.01	0.69	-0.111899
0.01	0.72	-0.0996021
0.01	0.75	-0.0855087
0.01	0.78	-0.0696308
0.01	0.81	-0.0520085
0.01	0.84	-0.0327813
0.01	0.87	-0.0124406
0.01	0.9	0.00728689
0.01	0.93	0.0203308
0.01	0.96	0.00535021
0.01	0.99	0.1
0.02	0	0.1
0.02	0.03	0.079199
0.02	0.06	0.0592153
0.02	0.09	0.0397397
0.02	0.12	0.020788
0.02	0.15	0.00251131
0.02	0.18	-0.0149031
0.02	0.21	-0.0312821
0.02	0.24	-0.0464908
0.02	0.27	-0.0604471
0.02	0.3	-0.0731331
0.02	0.33	-0.0846134
0.02	0.36	-0.0951268
0.02	0.39	-0.104947
0.02	0.42	-0.11419
0.02	0.45	-0.12288
0.02	0.48	-0.131013
0.02	0.51	-0.138537
0.02	0.54	-0.14151
0.02	0.57	-0.140052
0.02	0.6	-0.135638
0.02	0.63	-0.128979
0.02	0.66	-0.120363
0.02	0.69	-0.109895
0.02	0.72	-0.097621
0.02	0.75	-0.083577
0.02	0.78	-0.0678404
0.02	0.81	-0.0506254
0.02	0.84	-0.0325257
0.02	0.87	-0.0150793
0.02	0.9	-0.00176932
0.02	0.93	0.00192308
0.02	0.96	0.000506073
0.02	0.99	0.1
0.03	0	0.1
0.03	0.03	0.0820038
0.03	0.06	0.0636951
0.03	0.09	0.0456846
0.03	0.12	0.0282204
0.03	0.15	0.011419
0.03	0.18	-0.0046412
0.03	0.21	-0.0198898
0.03	0.24	-0.034258
0.03	0.27	-0.0476767
0.03	0.3	-0.0600671
0.03	0.33	-0.0713113
0.03	0.36	-0.081788
0.03	0.39	-0.0921945
0.03	0.42	-0.102337
0.03	0.45	-0.112143
0.03	0.48	-0.121628
0.03	0.51	-0.131294
0.03	0.54	-0.136312
0.03	0.57	-0.136405
0.03	0.6	-0.132889
0.03	0.63	-0.12667
0.03	0.66	-0.118251
0.03	0.69	-0.107883
0.03	0.72	-0.0956983
0.03	0.75	-0.0818228
0.03	0.78	-0.0664826
0.03	0.81	-0.0501767
0.03	0.84	-0.033948
0.03	0.87	-0.0196262
0.03	0.9	-0.00935228
0.03	0.93	-0.00311016
0.03	0.96	-0.000818464
0.03	0.99	0.1
0.04	0	0.1
0.04	0.03	0.0830101
0.04	0.06	0.0665138
0.04	0.09	0.0502266
0.04	0.12	0.0342107
0.04	0.15	0.0186103
0.04	0.18	0.0035631
0.04	0.21	-0.0108189
0.04	0.24	-0.0244486
0.04	0.27	-0.0372621
0.04	0.3	-0.0492293
0.04	0.33	-0.0603919
0.04	0.36	-0.0710264
0.04	0.39	-0.0814693
0.04	0.42	-0.0918567
0.04	0.45	-0.10225
0.04	0.48	-0.112808
0.04	0.51	-0.123921
0.04	0.54	-0.130666
0.04	0.57	-0.132172
0.04	0.6	-0.12967
0.04	0.63	-0.124075
0.04	0.66	-0.11601
0.04	0.69	-0.105862
0.04	0.72	-0.093894
0.04	0.75	-0.0803691
0.04	0.78	-0.0656922
0.04	0.81	-0.0505581
0.04	0.84	-0.0360332
0.04	0.87	-0.0233548
0.04	0.9	-0.0133401
0.04	0.93	-0.00647153
0.04	0.96	-0.00170303
0.04	0.99	0.1
0.05	0	0.1
0.05	0.03	0.0846341
0.05	0.06	0.069067
0.05	0.09	0.0537503
0.05	0.12	0.0387965
0.05	0.15	0.0242528
0.05	0.18	0.0101715
0.05	0.21	-0.00338551
0.05	0.24	-0.0163568
0.05	0.27	-0.0286878
0.05	0.3	-0.0403217
0.05	0.33	-0.0511568
0.05	0.36	-0.0615099
0.05	0.39	-0.0720487
0.05	0.42	-0.0826764
0.05	0.45	-0.0934501
0.05	0.48	-0.104524
0.05	0.51	-0.116722
0.05	0.54	-0.124804
0.05	0.57	-0.127574
0.05	0.6	-0.126076
0.05	0.63	-0.121202
0.05	0.66	-0.113627
0.05	0.69	-0.103843
0.05	0.72	-0.0922455
0.05	0.75	-0.0792369
0.05	0.78	-0.0653424
0.05	0.81	-0.0512755
0.05	0.84	-0.0378908
0.05	0.87	-0.0260034
0.05	0.9	-0.0162197
0.05	0.93	-0.00847324
0.05	0.96	-0.0022298
0.05	0.99	0.1
0.06	0	0.1
0.06	0.03	0.0853429
0.06	0.06	0.0710147
0.06	0.09	0.0567867
0.06	0.12	0.0427422
0.06	0.15	0.0289979
0.06	0.18	0.0156454
0.06	0.21	0.00275378
0.06	0.24	-0.00961844
0.06	0.27	-0.021418
0.06	0.3	-0.0326062
0.06	0.33	-0.0432043
0.06	0.36	-0.0535017
0.06	0.39	-0.0638672
0.06	0.42	-0.0744571
0.06	0.45	-0.0853722
0.06	0.48	-0.0969053
0.06	0.51	-0.109794
0.06	0.54	-0.118919
0.06	0.57	-0.122764
0.06	0.6	-0.122219
0.06	0.63	-0.118106
0.06	0.66	-0.11112
0.06	0.69	-0.101832
0.06	0.72	-0.0907369
0.06	0.75	-0.0783373
0.06	0.78	-0.0652045
0.06	0.81	-0.0519957
0.06	0.84	-0.0394012
0.06	0.87	-0.028028
0.06	0.9	-0.0181954
0.06	0.93	-0.00988177
0.06	0.96	-0.00260047
0.06	0.99	0.1
0.07	0	0.1
0.07	0.03	0.0864224
0.07	0.06	0.0727102
0.07	0.09	0.0592031
0.07	0.12	0.0459474
0.07	0.15	0.0329683
0.07	0.18	0.0203123
0.07	0.21	0.0080353
0.07	0.24	-0.00381039
0.07	0.27	-0.0151833
0.07	0.3	-0.0260453
0.07	0.33	-0.0363164
0.07	0.36	-0.0462759
0.07	0.39	-0.0565566
0.07	0.42	-0.0671239
0.07	0.45	-0.0781183
0.07	0.48	-0.089793
0.07	0.51	-0.103195
0.07	0.54	-0.113115
0.07	0.57	-0.117867
0.07	0.6	-0.118196
0.07	0.63	-0.114852
0.07	0.66	-0.108523
0.07	0.69	-0.0998238
0.07	0.72	-0.0893161
0.07	0.75	-0.0775556
0.07	0.78	-0.0651215
0.07	0.81	-0.0526138
0.07	0.84	-0.0406044
0.07	0.87	-0.0295395
0.07	0.9	-0.0196548
0.07	0.93	-0.0108782
0.07	0.96	-0.00286267
0.07	0.99	0.1
0.08	0	0.1
0.08	0.03	0.0869587
0.08	0.06	0.0741484
0.08	0.09	0.061392
0.08	0.12	0.0487783
0.08	0.15	0.0363973
0.08	0.18	0.0243107
0.08	0.21	0.0125646
0.08	0.24	0.00120256
0.08	0.27	-0.00972999
0.08	0.3	-0.0201918
0.08	0.33	-0.0301908
0.08	0.36	-0.0400181
0.08	0.39	-0.0500577
0.08	0.42	-0.0604799
0.08	0.45	-0.0714137
0.08	0.48	-0.0832387
0.08	0.51	-0.0969286
0.08	0.54	-0.107457
0.08	0.57	-0.11297
0.08	0.6	-0.114093
0.08	0.63	-0.111501
0.08	0.66	-0.105863
0.08	0.69	-0.097807
0.08	0.72	-0.087929
0.08	0.75	-0.076807
0.08	0.78	-0.0650112
0.08	0.81	-0.0530904
0.08	0.84	-0.0415292
0.08	0.87	-0.030688
0.08	0.9	-0.0207338
0.08	0.93	-0.0116137
0.08	0.96	-0.00305622
0.08	0.99	0.1
0.09	0	0.1
0.09	0.03	0.0877368
0.09	0.06	0.0753826
0.09	0.09	0.0631968
0.09	0.12	0.0511932
0.09	0.15	0.0393914
0.09	0.18	0.0278342
0.09	0.21	0.0165707
0.09	0.24	0.00564433
0.09	0.27	-0.00491206
0.09	0.3	-0.015072
0.09	0.33	-0.0247731
0.09	0.36	-0.034269
0.09	0.39	-0.0441579
0.09	0.42	-0.054444
0.09	0.45	-0.0653206
0.09	0.48	-0.0771083
0.09	0.51	-0.0909998
0.09	0.54	-0.101985
0.09	0.57	-0.108135
0.09	0.6	-0.109971
0.09	0.63	-0.108102
0.09	0.66	-0.10316
0.09	0.69	-0.09577
0.09	0.72	-0.0865357
0.09	0.75	-0.0760375
0.09	0.78	-0.0648278
0.09	0.81	-0.0534131
0.09	0.84	-0.0422198
0.09	0.87	-0.0315496
0.09	0.9	-0.0215435
0.09	0.93	-0.0121608
0.09	0.96	-0.00320021
0.09	0.99	0.1
0.1	0	0.1
0.1	0.03	0.0881669
0.1	0.06	0.0765022
0.1	0.09	0.0648707
0.1	0.12	0.0533583
0.1	0.15	0.0420337
0.1	0.18	0.0309401
0.1	0.21	0.020112
0.1	0.24	0.00958412
0.1	0.27	-0.000604558
0.1	0.3	-0.0104144
0.1	0.33	-0.0198446
0.1	0.36	-0.0291811
0.1	0.39	-0.0388125
0.1	0.42	-0.0489173
0.1	0.45	-0.0596434
0.1	0.48	-0.0714243
0.1	0.51	-0.0853894
0.1	0.54	-0.0967178
0.1	0.57	-0.103401
0.1	0.6	-0.105877
0.1	0.63	-0.104689
0.1	0.66	-0.10043
0.1	0.69	-0.0937059
0.1	0.72	-0.0851107
0.1	0.75	-0.0752145
0.1	0.78	-0.0645485
0.1	0.81	-0.0535846
0.1	0.84	-0.0427078
0.1	0.87	-0.0321863
0.1	0.9	-0.0221469
0.1	0.93	-0.0125701
0.1	0.96	-0.00330792
0.1	0.99	0.1
0.11	0	0.1
0.11	0.03	0.0887606
0.11	0.06	0.0774597
0.11	0.09	0.0662979
0.11	0.12	0.055274
0.11	0.15	0.044407
0.11	0.18	0.0337362
0.11	0.21	0.0233033
0.11	0.24	0.0131445
0.11	0.27	0.00328747
0.11	0.3	-0.0062479
0.11	0.33	-0.0154129
0.11	0.36	-0.0244428
0.11	0.39	-0.0339032
0.11	0.42	-0.0438235
0.11	0.45	-0.0544299
0.11	0.48	-0.0660886
0.11	0.51	-0.080086
0.11	0.54	-0.0916652
0.11	0.57	-0.098795
0.11	0.6	-0.101842
0.11	0.63	-0.101289
0.11	0.66	-0.0976867
0.11	0.69	-0.0916121
0.11	0.72	-0.0836398
0.11	0.75	-0.074321
0.11	0.78	-0.0641637
0.11	0.81	-0.0536116
0.11	0.84	-0.043021
0.11	0.87	-0.0326389
0.11	0.9	-0.0225892
0.11	0.93	-0.0128731
0.11	0.96	-0.00338765
0.11	0.99	0.1
0.12	0	0.1
0.12	0.03	0.0891201
0.12	0.06	0.0783664
0.12	0.09	0.0676368
0.12	0.12	0.0570103
0.12	0.15	0.0465394
0.12	0.18	0.0362562
0.12	0.21	0.0261887
0.12	0.24	0.0163664
0.12	0.27	0.00682232
0.12	0.3	-0.00240716
0.12	0.33	-0.0113157
0.12	0.36	-0.0201803
0.12	0.39	-0.0293874
0.12	0.42	-0.0391202
0.12	0.45	-0.0495395
0.12	0.48	-0.0611112
0.12	0.51	-0.0750671
0.12	0.54	-0.0868282
0.12	0.57	-0.0943322
0.12	0.6	-0.0978863
0.12	0.63	-0.0979204
0.12	0.66	-0.0949405
0.12	0.69	-0.0894899
0.12	0.72	-0.082117
0.12	0.75	-0.0733496
0.12	0.78	-0.063672
0.12	0.81	-0.0535041
0.12	0.84	-0.0431811
0.12	0.87	-0.032938
0.12	0.9	-0.022901
0.12	0.93	-0.0130917
0.12	0.96	-0.00344518
0.12	0.99	0.1
0.13	0	0.1
0.13	0.03	0.0895926
0.13	0.06	0.0791441
0.13	0.09	0.0688115
0.13	0.12	0.0585871
0.13	0.15	0.048491
0.13	0.18	0.0385586
0.13	0.21	0.0288248
0.13	0.24	0.0193203
0.13	0.27	0.0100693
0.13	0.3	0.00108821
0.13	0.33	-0.00758466
0.13	0.36	-0.0161708
0.13	0.39	-0.0252064
0.13	0.42	-0.0347376
0.13	0.45	-0.0450102
0.13	0.48	-0.0564216
0.13	0.51	-0.0703174
0.13	0.54	-0.0822028
0.13	0.57	-0.0900198
0.13	0.6	-0.0940241
0.13	0.63	-0.0945966
0.13	0.66	-0.0922003
0.13	0.69	-0.0873425
0.13	0.72	-0.0805415
0.13	0.75	-0.0722992
0.13	0.78	-0.0630766
0.13	0.81	-0.0532725
0.13	0.84	-0.0432066
0.13	0.87	-0.0331068
0.13	0.9	-0.0231046
0.13	0.93	-0.0132413
0.13	0.96	-0.00348456
0.13	0.99	0.1
0.14	0	0.1
0.14	0.03	0.0899018
0.14	0.06	0.0799004
0.14	0.09	0.0699192
0.14	0.12	0.0600291
0.14	0.15	0.0502703
0.14	0.18	0.0406681
0.14	0.21	0.0312469
0.14	0.24	0.0220325
0.14	0.27	0.0130528
0.14	0.3	0.00434018
0.14	0.33	-0.0040953
0.14	0.36	-0.0125202
0.14	0.39	-0.0213148
0.14	0.42	-0.0306645
0.14	0.45	-0.040739
0.14	0.48	-0.0520236
0.14	0.51	-0.0658158
0.14	0.54	-0.0777822
0.14	0.57	-0.08586
0.14	0.6	-0.0902627
0.14	0.63	-0.0913267
0.14	0.66	-0.0894738
0.14	0.69	-0.0851745
0.14	0.72	-0.0789161
0.14	0.75	-0.0711731
0.14	0.78	-0.0623835
0.14	0.81	-0.0529276
0.14	0.84	-0.0431128
0.14	0.87	-0.033163
0.14	0.9	-0.0232167
0.14	0.93	-0.0133333
0.14	0.96	-0.00350875
0.14	0.99	0.1
0.15	0	0.1
0.15	0.03	0.0902901
0.15	0.06	0.0805532
0.15	0.09	0.0709137
0.15	0.12	0.0613621
0.15	0.15	0.0519191
0.15	0.18	0.0426162
0.15	0.21	0.0334831
0.15	0.24	0.0245457
0.15	0.27	0.0158259
0.15	0.3	0.00733821
0.15	0.33	-0.000886965
0.15	0.36	-0.00906016
0.15	0.39	-0.0176911
0.15	0.42	-0.0268373
0.15	0.45	-0.036756
0.15	0.48	-0.0478656
0.15	0.51	-0.061547
0.15	0.54	-0.0735574
0.15	0.57	-0.0818516
0.15	0.6	-0.086606
0.15	0.63	-0.0881169
0.15	0.66	-0.086767
0.15	0.69	-0.0829914
0.15	0.72	-0.0772453
0.15	0.75	-0.0699764
0.15	0.78	-0.0616001
0.15	0.81	-0.0524799
0.15	0.84	-0.0429129
0.15	0.87	-0.033121
0.15	0.9	-0.02325
0.15	0.93	-0.013376
0.15	0.96	-0.00352
0.15	0.99	0.1
0.16	0	0.1
0.16	0.03	0.0905611
0.16	0.06	0.081198
0.16	0.09	0.0718536
0.16	0.12	0.0625904
0.16	0.15	0.0534398
0.16	0.18	0.0444227
0.16	0.21	0.0355611
0.16	0.24	0.0268778
0.16	0.27	0.0183966
0.16	0.3	0.0101462
0.16	0.33	0.0021386
0.16	0.36	-0.00588163
0.16	0.39	-0.0142867
0.16	0.42	-0.0232619
0.16	0.45	-0.032984
0.16	0.48	-0.043948
0.16	0.51	-0.0574926
0.16	0.54	-0.0695187
0.16	0.57	-0.0779913
0.16	0.6	-0.0830552
0.16	0.63	-0.0849711
0.16	0.66	-0.0840854
0.16	0.69	-0.0807985
0.16	0.72	-0.075535
0.16	0.75	-0.0687157
0.16	0.78	-0.0607346
0.16	0.81	-0.0519395
0.16	0.84	-0.0426185
0.16	0.87	-0.0329926
0.16	0.9	-0.0232147
0.16	0.93	-0.0133762
0.16	0.96	-0.00352005
0.16	0.99	0.1
0.17	0	0.1
0.17	0.03	0.0908881
0.17	0.06	0.0817593
0.17	0.09	0.0727128
0.17	0.12	0.0637397
0.17	0.15	0.054861
0.17	0.18	0.0461046
0.17	0.21	0.0374953
0.17	0.24	0.029056
0.17	0.27	0.0208065
0.17	0.3	0.0127602
0.17	0.33	0.00494148
0.17	0.36	-0.00285099
0.17	0.39	-0.0111032
0.17	0.42	-0.0198806
0.17	0.45	-0.0294462
0.17	0.48	-0.0402324
0.17	0.51	-0.0536387
0.17	0.54	-0.065656
0.17	0.57	-0.0742741
0.17	0.6	-0.0796098
0.17	0.63	-0.0818919
0.17	0.66	-0.0814331
0.17	0.69	-0.0786013
0.17	0.72	-0.0737913
0.17	0.75	-0.0673982
0.17	0.78	-0.0597954
0.17	0.81	-0.051316
0.17	0.84	-0.0422401
0.17	0.87	-0.0327879
0.17	0.9	-0.0231192
0.17	0.93	-0.0133392
0.17	0.96	-0.00351032
0.17	0.99	0.1
0.18	0	0.1
0.18	0.03	0.0911289
0.18	0.06	0.0823181
0.18	0.09	0.0735256
0.18	0.12	0.064806
0.18	0.15	0.0561839
0.18	0.18	0.0476777
0.18	0.21	0.0393074
0.18	0.24	0.0310934
0.18	0.27	0.0230563
0.18	0.3	0.015221
0.18	0.33	0.00760102
0.18	0.36	-4.84018e-05
0.18	0.39	-0.00809004
0.18	0.42	-0.016708
0.18	0.45	-0.0260842
0.18	0.48	-0.0367172
0.18	0.51	-0.0499695
0.18	0.54	-0.0619593
0.18	0.57	-0.0706944
0.18	0.6	-0.0762682
0.18	0.63	-0.0788806
0.18	0.66	-0.0788137
0.18	0.69	-0.0764048
0.18	0.72	-0.0720203
0.18	0.75	-0.066031
0.18	0.78	-0.0587906
0.18	0.81	-0.0506183
0.18	0.84	-0.0417868
0.18	0.87	-0.0325155
0.18	0.9	-0.0229706
0.18	0.93	-0.0132695
0.18	0.96	-0.00349199
0.18	0.99	0.1
0.19	0	0.1
0.19	0.03	0.0914095
0.19	0.06	0.0828092
0.19	0.09	0.0742791
0.19	0.12	0.0658116
0.19	0.15	0.0574277
0.19	0.18	0.0491517
0.19	0.21	0.0410051
0.19	0.24	0.0330079
0.19	0.27	0.0251784
0.19	0.3	0.017529
0.19	0.33	0.0100797
0.19	0.36	0.00263722
0.19	0.39	-0.00526306
0.19	0.42	-0.0136924
0.19	0.45	-0.0229156
0.19	0.48	-0.0333737
0.19	0.51	-0.046473
0.19	0.54	-0.0584187
0.19	0.57	-0.067246
0.19	0.6	-0.0730277
0.19	0.63	-0.0759377
0.19	0.66	-0.0762299
0.19	0.69	-0.0742134
0.19	0.72	-0.070228
0.19	0.75	-0.0646213
0.19	0.78	-0.0577283
0.19	0.81	-0.049855
0.19	0.84	-0.0412671
0.19	0.87	-0.0321833
0.19	0.9	-0.0227751
0.19	0.93	-0.013171
0.19	0.96	-0.00346605
0.19	0.99	0.1
0.2	0	0.1
0.2	0.03	0.0916256
0.2	0.06	0.0832998
0.2	0.09	0.0749922
0.2	0.12	0.0667503
0.2	0.15	0.0585939
0.2	0.18	0.0505393
0.2	0.21	0.0426052
0.2	0.24	0.0348098
0.2	0.27	0.0271709
0.2	0.3	0.0197106
0.2	0.33	0.0124429
0.2	0.36	0.00513332
0.2	0.39	-0.00257103
0.2	0.42	-0.0108521
0.2	0.45	-0.0198952
0.2	0.48	-0.0301989
0.2	0.51	-0.0431361
0.2	0.54	-0.0550248
0.2	0.57	-0.063923
0.2	0.6	-0.0698853
0.2	0.63	-0.073063
0.2	0.66	-0.0736841
0.2	0.69	-0.0720314
0.2	0.72	-0.0684201
0.2	0.75	-0.0631758
0.2	0.78	-0.0566159
0.2	0.81	-0.0490339
0.2	0.84	-0.0406886
0.2	0.87	-0.0317979
0.2	0.9	-0.0225379
0.2	0.93	-0.0130469
0.2	0.96	-0.00343339
0.2	0.99	0.1
0.21	0	0.1
0.21	0.03	0.0918699
0.21	0.06	0.0837351
0.21	0.09	0.0756605
0.21	0.12	0.0676405
0.21	0.15	0.0596953
0.21	0.18	0.0518464
0.21	0.21	0.0441125
0.21	0.24	0.0365111
0.21	0.27	0.0290593
0.21	0.3	0.0217689
0.21	0.33	0.0146565
0.21	0.36	0.0075357
0.21	0.39	-3.8287e-05
0.21	0.42	-0.00814107
0.21	0.45	-0.0170366
0.21	0.48	-0.0271709
0.21	0.51	-0.0399482
0.21	0.54	-0.0517688
0.21	0.57	-0.060719
0.21	0.6	-0.0668379
0.21	0.63	-0.070256
0.21	0.66	-0.0711779
0.21	0.69	-0.0698625
0.21	0.72	-0.0666017
0.21	0.75	-0.0617008
0.21	0.78	-0.0554604
0.21	0.81	-0.0481622
0.21	0.84	-0.0400584
0.21	0.87	-0.0313656
0.21	0.9	-0.0222639
0.21	0.93	-0.0129002
0.21	0.96	-0.00339478
0.21	0.99	0.1
0.22	0	0.1
0.22	0.03	0.0920652
0.22	0.06	0.0841703
0.22	0.09	0.0762935
0.22	0.12	0.068476
0.22	0.15	0.0607342
0.22	0.18	0.053083
0.22	0.21	0.0455395
0.22	0.24	0.0381203
0.22	0.27	0.0308411
0.22	0.3	0.0237213
0.22	0.33	0.016775
0.22	0.36	0.0097774
0.22	0.39	0.00238576
0.22	0.42	-0.00557897
0.22	0.45	-0.0143045
0.22	0.48	-0.0242865
0.22	0.51	-0.0368987
0.22	0.54	-0.0486422
0.22	0.57	-0.0576281
0.22	0.6	-0.0638819
0.22	0.63	-0.0675156
0.22	0.66	-0.0687127
0.22	0.69	-0.0677099
0.22	0.72	-0.0647776
0.22	0.75	-0.0602021
0.22	0.78	-0.0542684
0.22	0.81	-0.0472467
0.22	0.84	-0.0393829
0.22	0.87	-0.030892
0.22	0.9	-0.0219575
0.22	0.93	-0.0127334
0.22	0.96	-0.0033509
0.22	0.99	0.1
0.23	0	0.1
0.23	0.03	0.0922806
0.23	0.06	0.0845601
0.23	0.09	0.0768916
0.23	0.12	0.0692715
0.23	0.15	0.061719
0.23	0.18	0.054253
0.23	0.21	0.04689
0.23	0.24	0.0396457
0.23	0.27	0.032536
0.23	0.3	0.0255721
0.23	0.33	0.0187677
0.23	0.36	0.0119434
0.23	0.39	0.00467203
0.23	0.42	-0.00312504
0.23	0.45	-0.0117093
0.23	0.48	-0.0215285
0.23	0.51	-0.0339786
0.23	0.54	-0.0456373
0.23	0.57	-0.0546446
0.23	0.6	-0.0610139
0.23	0.63	-0.0648407
0.23	0.66	-0.0662894
0.23	0.69	-0.0655763
0.23	0.72	-0.062952
0.23	0.75	-0.0586851
0.23	0.78	-0.0530457
0.23	0.81	-0.0462935
0.23	0.84	-0.0386679
0.23	0.87	-0.0303822
0.23	0.9	-0.0216224
0.23	0.93	-0.0125491
0.23	0.96	-0.00330239
0.23	0.99	0.1
0.24	0	0.1
0.24	0.03	0.0924582
0.24	0.06	0.0849494
0.24	0.09	0.0774588
0.24	0.12	0.0700218
0.24	0.15	0.0626523
0.24	0.18	0.0553643
0.24	0.21	0.0481733
0.24	0.24	0.0410946
0.24	0.27	0.0341421
0.24	0.3	0.0273329
0.24	0.33	0.0206811
0.24	0.36	0.013971
0.24	0.39	0.00686951
0.24	0.42	-0.000798717
0.24	0.45	-0.00922293
0.24	0.48	-0.0188936
0.24	0.51	-0.0311789
0.24	0.54	-0.0427467
0.24	0.57	-0.051763
0.24	0.6	-0.0582304
0.24	0.63	-0.0622301
0.24	0.66	-0.0639088
0.24	0.69	-0.0634642
0.24	0.72	-0.0611289
0.24	0.75	-0.0571547
0.24	0.78	-0.051798
0.24	0.81	-0.0453083
0.24	0.84	-0.0379187
0.24	0.87	-0.0298408
0.24	0.9	-0.0212623
0.24	0.93	-0.0123492
0.24	0.96	-0.0032498
0.24	0.99	0.1
0.25	0	0.1
0.25	0.03	0.09265
0.25	0.06	0.0853014
0.25	0.09	0.0779982
0.25	0.12	0.0707383
0.25	0.15	0.0635398
0.25	0.18	0.0564198
0.25	0.21	0.0493926
0.25	0.24	0.0424726
0.25	0.27	0.0356745
0.25	0.3	0.0290088
0.25	0.33	0.0224875
0.25	0.36	0.0159369
0.25	0.39	0.00894681
0.25	0.42	0.00143593
0.25	0.45	-0.00685344
0.25	0.48	-0.0163684
0.25	0.51	-0.0284921
0.25	0.54	-0.0399639
0.25	0.57	-0.0489781
0.25	0.6	-0.0555283
0.25	0.63	-0.0596823
0.25	0.66	-0.0615712
0.25	0.69	-0.0613757
0.25	0.72	-0.0593116
0.25	0.75	-0.0556152
0.25	0.78	-0.0505302
0.25	0.81	-0.0442962
0.25	0.84	-0.0371404
0.25	0.87	-0.029272
0.25	0.9	-0.0208804
0.25	0.93	-0.0121359
0.25	0.96	-0.00319365
0.25	0.99	0.1
0.26	0	0.1
0.26	0.03	0.0928123
0.26	0.06	0.0856523
0.26	0.09	0.0785103
0.26	0.12	0.071417
0.26	0.15	0.0643844
0.26	0.18	0.0574255
0.26	0.21	0.0505548
0.26	0.24	0.0437861
0.26	0.27	0.0371319
0.26	0.3	0.0306076
0.26	0.33	0.0242268
0.26	0.36	0.0177823
0.26	0.39	0.0109507
0.26	0.42	0.00356042
0.26	0.45	-0.00457835
0.26	0.48	-0.0139497
0.26	0.51	-0.0259107
0.26	0.54	-0.0372824
0.26	0.57	-0.046285
0.26	0.6	-0.0529041
0.26	0.63	-0.0571958
0.26	0.66	-0.0592768
0.26	0.69	-0.0593125
0.26	0.72	-0.0575031
0.26	0.75	-0.0540707
0.26	0.78	-0.0492469
0.26	0.81	-0.043262
0.26	0.84	-0.0363374
0.26	0.87	-0.0286798
0.26	0.9	-0.0204796
0.26	0.93	-0.0119107
0.26	0.96	-0.00313441
0.26	0.99	0.1
0.27	0	0.1
0.27	0.03	0.0929845
0.27	0.06	0.0859723
0.27	0.09	0.0789999
0.27	0.12	0.0720667
0.27	0.15	0.0651898
0.27	0.18	0.0583841
0.27	0.21	0.0516628
0.27	0.24	0.0450391
0.27	0.27	0.0385262
0.27	0.3	0.0321345
0.27	0.33	0.0258741
0.27	0.36	0.0195772
0.27	0.39	0.012849
0.27	0.42	0.00560632
0.27	0.45	-0.00240395
0.27	0.48	-0.0116267
0.27	0.51	-0.0234283
0.27	0.54	-0.0346965
0.27	0.57	-0.0436791
0.27	0.6	-0.0503548
0.27	0.63	-0.054769
0.27	0.66	-0.0570258
0.27	0.69	-0.0572762
0.27	0.72	-0.0557062
0.27	0.75	-0.0525248
0.27	0.78	-0.0479521
0.27	0.81	-0.0422099
0.27	0.84	-0.0355137
0.27	0.87	-0.0280677
0.27	0.9	-0.0200626
0.27	0.93	-0.0116755
0.27	0.96	-0.0030725
0.27	0.99	0.1
0.28	0	0.1
0.28	0.03	0.0931336
0.28	0.06	0.0862907
0.28	0.09	0.0794654
0.28	0.12	0.0726846
0.28	0.15	0.0659588
0.28	0.18	0.0593001
0.28	0.21	0.052722
0.28	0.24	0.046237
0.28	0.27	0.0398566
0.28	0.3	0.0335947
0.28	0.33	0.0274642
0.28	0.36	0.021266
0.28	0.39	0.0146858
0.28	0.42	0.00755649
0.28	0.45	-0.000312037
0.28	0.48	-0.00939631
0.28	0.51	-0.0210387
0.28	0.54	-0.0322008
0.28	0.57	-0.0411562
0.28	0.6	-0.0478774
0.28	0.63	-0.0524006
0.28	0.66	-0.054818
0.28	0.69	-0.0552679
0.28	0.72	-0.0539232
0.28	0.75	-0.0509806
0.28	0.78	-0.0466496
0.28	0.81	-0.0411438
0.28	0.84	-0.034673
0.28	0.87	-0.0274389
0.28	0.9	-0.0196319
0.28	0.93	-0.0114316
0.28	0.96	-0.00300832
0.28	0.99	0.1
0.29	0	0.1
0.29	0.03	0.0932894
0.29	0.06	0.0865833
0.29	0.09	0.0799123
0.29	0.12	0.0732773
0.29	0.15	0.0666939
0.29	0.18	0.0601757
0.29	0.21	0.0537347
0.29	0.24	0.0473827
0.29	0.27	0.0411324
0.29	0.3	0.0349932
0.29	0.33	0.0289744
0.29	0.36	0.0229133
0.29	0.39	0.0164295
0.29	0.42	0.00943862
0.29	0.45	0.00169247
0.29	0.48	-0.00725008
0.29	0.51	-0.0187365
0.29	0.54	-0.0297904
0.29	0.57	-0.0387122
0.29	0.6	-0.045469
0.29	0.63	-0.0500888
0.29	0.66	-0.0526533
0.29	0.69	-0.0532887
0.29	0.72	-0.0521562
0.29	0.75	-0.049441
0.29	0.78	-0.0453428
0.29	0.81	-0.0400673
0.29	0.84	-0.0338188
0.29	0.87	-0.0267962
0.29	0.9	-0.0191897
0.29	0.93	-0.0111805
0.29	0.96	-0.00294223
0.29	0.99	0.1
0.3	0	0.1
0.3	0.03	0.0934268
0.3	0.06	0.0868738
0.3	0.09	0.0803381
0.3	0.12	0.073843
0.3	0.15	0.067398
0.3	0.18	0.0610146
0.3	0.21	0.054705
0.3	0.24	0.048481
0.3	0.27	0.0423532
0.3	0.3	0.0363338
0.3	0.33	0.0304355
0.3	0.36	0.0244663
0.3	0.39	0.0181212
0.3	0.42	0.011237
0.3	0.45	0.00362442
0.3	0.48	-0.00518513
0.3	0.51	-0.0165165
0.3	0.54	-0.0274607
0.3	0.57	-0.0363433
0.3	0.6	-0.0431271
0.3	0.63	-0.0478323
0.3	0.66	-0.0505312
0.3	0.69	-0.0513394
0.3	0.72	-0.050407
0.3	0.75	-0.0479085
0.3	0.78	-0.0440346
0.3	0.81	-0.0389834
0.3	0.84	-0.0329541
0.3	0.87	-0.0261425
0.3	0.9	-0.018738
0.3	0.93	-0.0109233
0.3	0.96	-0.00287454
0.3	0.99	0.1
0.31	0	0.1
0.31	0.03	0.0935687
0.31	0.06	0.0871428
0.31	0.09	0.0807481
0.31	0.12	0.0743865
0.31	0.15	0.0680726
0.31	0.18	0.0618186
0.31	0.21	0.0556354
0.31	0.24	0.0495341
0.31	0.27	0.0435262
0.31	0.3	0.037621
0.31	0.33	0.0318265
0.31	0.36	0.0259852
0.31	0.39	0.0197302
0.31	0.42	0.012976
0.31	0.45	0.00547994
0.31	0.48	-0.00319451
0.31	0.51	-0.014374
0.31	0.54	-0.0252073
0.31	0.57	-0.0340461
0.31	0.6	-0.0408489
0.31	0.63	-0.0456296
0.31	0.66	-0.0484515
0.31	0.69	-0.0494208
0.31	0.72	-0.0486771
0.31	0.75	-0.0463855
0.31	0.78	-0.0427278
0.31	0.81	-0.0378951
0.31	0.84	-0.0320816
0.31	0.87	-0.02548
0.31	0.9	-0.0182787
0.31	0.93	-0.0106611
0.31	0.96	-0.00280556
0.31	0.99	0.1
0.32	0	0.1
0.32	0.03	0.0936958
0.32	0.06	0.0874092
0.32	0.09	0.0811394
0.32	0.12	0.0749069
0.32	0.15	0.0687203
0.32	0.18	0.0625904
0.32	0.21	0.0565287
0.32	0.24	0.0505459
0.32	0.27	0.0446517
0.32	0.3	0.0388575
0.32	0.33	0.0331751
0.32	0.36	0.0274198
0.32	0.39	0.0212947
0.32	0.42	0.0146414
0.32	0.45	0.00727123
0.32	0.48	-0.00127566
0.32	0.51	-0.0123047
0.32	0.54	-0.0230265
0.32	0.57	-0.0318173
0.32	0.6	-0.0386322
0.32	0.63	-0.0434791
0.32	0.66	-0.0464137
0.32	0.69	-0.0475332
0.32	0.72	-0.0469678
0.32	0.75	-0.0448737
0.32	0.78	-0.0414247
0.32	0.81	-0.036805
0.32	0.84	-0.0312039
0.32	0.87	-0.024811
0.32	0.9	-0.0178135
0.32	0.93	-0.010395
0.32	0.96	-0.00273554
0.32	0.99	0.1
0.33	0	0.1
0.33	0.03	0.0938259
0.33	0.06	0.0876576
0.33	0.09	0.0815173
0.33	0.12	0.0754077
0.33	0.15	0.0693422
0.33	0.18	0.063332
0.33	0.21	0.0573872
0.33	0.24	0.051518
0.33	0.27	0.0457352
0.33	0.3	0.0400474
0.33	0.33	0.0344619
0.33	0.36	0.0288259
0.33	0.39	0.0227855
0.33	0.42	0.0162543
0.33	0.45	0.00899522
0.33	0.48	0.000577128
0.33	0.51	-0.0103046
0.33	0.54	-0.0209145
0.33	0.57	-0.0296537
0.33	0.6	-0.0364745
0.33	0.63	-0.0413795
0.33	0.66	-0.0444174
0.33	0.69	-0.045677
0.33	0.72	-0.0452804
0.33	0.75	-0.0433752
0.33	0.78	-0.0401274
0.33	0.81	-0.0357153
0.33	0.84	-0.0303231
0.33	0.87	-0.0241374
0.33	0.9	-0.0173439
0.33	0.93	-0.010126
0.33	0.96	-0.00266473
0.33	0.99	0.1
0.34	0	0.1
0.34	0.03	0.0939439
0.34	0.06	0.0879031
0.34	0.09	0.0818787
0.34	0.12	0.0758885
0.34	0.15	0.0699407
0.34	0.18	0.0640455
0.34	0.21	0.0582132
0.34	0.24	0.052454
0.34	0.27	0.046777
0.34	0.3	0.0411925
0.34	0.33	0.0357117
0.34	0.36	0.0301564
0.34	0.39	0.0242379
0.34	0.42	0.0178022
0.34	0.45	0.010662
0.34	0.48	0.00236613
0.34	0.51	-0.00837001
0.34	0.54	-0.0188679
0.34	0.57	-0.0275526
0.34	0.6	-0.0343738
0.34	0.63	-0.0393294
0.34	0.66	-0.0424618
0.34	0.69	-0.0438526
0.34	0.72	-0.0436158
0.34	0.75	-0.0418912
0.34	0.78	-0.038838
0.34	0.81	-0.0346281
0.34	0.84	-0.0294414
0.34	0.87	-0.0234611
0.34	0.9	-0.0168712
0.34	0.93	-0.00985471
0.34	0.96	-0.00259335
0.34	0.99	0.1
0.35	0	0.1
0.35	0.03	0.0940636
0.35	0.06	0.0881334
0.35	0.09	0.0822284
0.35	0.12	0.0763519
0.35	0.15	0.0705166
0.35	0.18	0.0647323
0.35	0.21	0.0590087
0.35	0.24	0.0533552
0.35	0.27	0.0477817
0.35	0.3	0.0422966
0.35	0.33	0.0369065
0.35	0.36	0.0314631
0.35	0.39	0.0256243
0.35	0.42	0.0193036
0.35	0.45	0.0122692
0.35	0.48	0.00409608
0.35	0.51	-0.00649756
0.35	0.54	-0.0168836
0.35	0.57	-0.0255112
0.35	0.6	-0.0323279
0.35	0.63	-0.0373274
0.35	0.66	-0.0405466
0.35	0.69	-0.0420601
0.35	0.72	-0.0419747
0.35	0.75	-0.0404232
0.35	0.78	-0.037558
0.35	0.81	-0.0335453
0.35	0.84	-0.0285605
0.35	0.87	-0.0227835
0.35	0.9	-0.0163966
0.35	0.93	-0.00958204
0.35	0.96	-0.00252159
0.35	0.99	0.1
0.36	0	0.1
0.36	0.03	0.0941735
0.36	0.06	0.0883606
0.36	0.09	0.0825634
0.36	0.12	0.076798
0.36	0.15	0.0710717
0.36	0.18	0.0653943
0.36	0.21	0.0597754
0.36	0.24	0.0542244
0.36	0.27	0.0487498
0.36	0.3	0.0433611
0.36	0.33	0.0380691
0.36	0.36	0.0327014
0.36	0.39	0.0269773
0.36	0.42	0.0207471
0.36	0.45	0.0138251
0.36	0.48	0.005769
0.36	0.51	-0.00468406
0.36	0.54	-0.0149587
0.36	0.57	-0.0235271
0.36	0.6	-0.0303349
0.36	0.63	-0.0353724
0.36	0.66	-0.0386711
0.36	0.69	-0.0402996
0.36	0.72	-0.040358
0.36	0.75	-0.0389723
0.36	0.78	-0.0362889
0.36	0.81	-0.0324685
0.36	0.84	-0.027682
0.36	0.87	-0.0221062
0.36	0.9	-0.0159213
0.36	0.93	-0.00930863
0.36	0.96	-0.00244964
0.36	0.99	0.1
0.37	0	0.1
0.37	0.03	0.0942843
0.37	0.06	0.0885748
0.37	0.09	0.0828882
0.37	0.12	0.0772284
0.37	0.15	0.0716068
0.37	0.18	0.0660328
0.37	0.21	0.0605151
0.37	0.24	0.0550627
0.37	0.27	0.0496848
0.37	0.3	0.0443893
0.37	0.33	0.0391823
0.37	0.36	0.0339196
0.37	0.39	0.0282709
0.37	0.42	0.022149
0.37	0.45	0.0153278
0.37	0.48	0.00738884
0.37	0.51	-0.00292663
0.37	0.54	-0.0130905
0.37	0.57	-0.0215978
0.37	0.6	-0.0283929
0.37	0.63	-0.0334629
0.37	0.66	-0.0368346
0.37	0.69	-0.038571
0.37	0.72	-0.038766
0.37	0.75	-0.0375396
0.37	0.78	-0.035032
0.37	0.81	-0.0313991
0.37	0.84	-0.0268073
0.37	0.87	-0.0214305
0.37	0.9	-0.0154463
0.37	0.93	-0.00903507
0.37	0.96	-0.00237765
0.37	0.99	0.1
0.38	0	0.1
0.38	0.03	0.0943869
0.38	0.06	0.0887859
0.38	0.09	0.0832001
0.38	0.12	0.0776436
0.38	0.15	0.0721237
0.38	0.18	0.0666492
0.38	0.21	0.0612293
0.38	0.24	0.0558727
0.38	0.27	0.0505874
0.38	0.3	0.0453821
0.38	0.33	0.0402671
0.38	0.36	0.0350759
0.38	0.39	0.029535
0.38	0.42	0.0234991
0.38	0.45	0.0167844
0.38	0.48	0.0089574
0.38	0.51	-0.00122256
0.38	0.54	-0.0112763
0.38	0.57	-0.0197212
0.38	0.6	-0.0265003
0.38	0.63	-0.0315979
0.38	0.66	-0.0350366
0.38	0.69	-0.0368743
0.38	0.72	-0.0371993
0.38	0.75	-0.0361258
0.38	0.78	-0.0337885
0.38	0.81	-0.0303384
0.38	0.84	-0.0259378
0.38	0.87	-0.0207574
0.38	0.9	-0.0149725
0.38	0.93	-0.00876191
0.38	0.96	-0.00230577
0.38	0.99	0.1
0.39	0	0.1
0.39	0.03	0.0944897
0.39	0.06	0.0889858
0.39	0.09	0.0835028
0.39	0.12	0.0780448
0.39	0.15	0.0726226
0.39	0.18	0.0672447
0.39	0.21	0.0619194
0.39	0.24	0.0566551
0.39	0.27	0.0514603
0.39	0.3	0.0463426
0.39	0.33	0.0413075
0.39	0.36	0.0362151
0.39	0.39	0.0307456
0.39	0.42	0.0248118
0.39	0.45	0.0181933
0.39	0.48	0.010478
0.39	0.51	0.000430649
0.39	0.54	-0.00951395
0.39	0.57	-0.0178952
0.39	0.6	-0.0246553
0.39	0.63	-0.0297761
0.39	0.66	-0.0332764
0.39	0.69	-0.0352094
0.39	0.72	-0.0356583
0.39	0.75	-0.0347317
0.39	0.78	-0.0325594
0.39	0.81	-0.0292876
0.39	0.84	-0.0250747
0.39	0.87	-0.0200879
0.39	0.9	-0.0145006
0.39	0.93	-0.00848963
0.39	0.96	-0.00223411
0.39	0.99	0.1
0.4	0	0.1
0.4	0.03	0.0945858
0.4	0.06	0.0891826
0.4	0.09	0.0837939
0.4	0.12	0.0784325
0.4	0.15	0.0731052
0.4	0.18	0.0678205
0.4	0.21	0.0625867
0.4	0.24	0.0574121
0.4	0.27	0.0523043
0.4	0.3	0.0472713
0.4	0.33	0.0423228
0.4	0.36	0.0372979
0.4	0.39	0.0319299
0.4	0.42	0.0260781
0.4	0.45	0.0195604
0.4	0.48	0.0119522
0.4	0.51	0.00203534
0.4	0.54	-0.00780112
0.4	0.57	-0.0161178
0.4	0.6	-0.0228564
0.4	0.63	-0.0279964
0.4	0.66	-0.0315533
0.4	0.69	-0.0335761
0.4	0.72	-0.034143
0.4	0.75	-0.0333578
0.4	0.78	-0.0313455
0.4	0.81	-0.0282476
0.4	0.84	-0.0242188
0.4	0.87	-0.0194231
0.4	0.9	-0.0140314
0.4	0.93	-0.00821868
0.4	0.96	-0.00216281
0.4	0.99	0.1
0.41	0	0.1
0.41	0.03	0.0946817
0.41	0.06	0.0893697
0.41	0.09	0.0840769
0.41	0.12	0.0788077
0.41	0.15	0.0735719
0.41	0.18	0.0683776
0.41	0.21	0.0632325
0.41	0.24	0.0581445
0.41	0.27	0.0531216
0.41	0.3	0.048171
0.41	0.33	0.0432979
0.41	0.36	0.0383659
0.41	0.39	0.0330658
0.41	0.42	0.0273104
0.41	0.45	0.0208845
0.41	0.48	0.0133829
0.41	0.51	0.00359366
0.41	0.54	-0.00613577
0.41	0.57	-0.0143873
0.41	0.6	-0.0211021
0.41	0.63	-0.0262577
0.41	0.66	-0.0298667
0.41	0.69	-0.0319741
0.41	0.72	-0.0326537
0.41	0.75	-0.0320048
0.41	0.78	-0.0301475
0.41	0.81	-0.0272193
0.41	0.84	-0.023371
0.41	0.87	-0.0187637
0.41	0.9	-0.0135654
0.41	0.93	-0.00794943
0.41	0.96	-0.00209196
0.41	0.99	0.1
0.42	0	0.1
0.42	0.03	0.0947719
0.42	0.06	0.0895537
0.42	0.09	0.0843495
0.42	0.12	0.0791707
0.42	0.15	0.0740238
0.42	0.18	0.0689169
0.42	0.21	0.0638577
0.42	0.24	0.058854
0.42	0.27	0.053913
0.42	0.3	0.0490421
0.42	0.33	0.0442505
0.42	0.36	0.0393825
0.42	0.39	0.0341782
0.42	0.42	0.0285008
0.42	0.45	0.0221705
0.42	0.48	0.0147714
0.42	0.51	0.00510766
0.42	0.54	-0.004516
0.42	0.57	-0.0127019
0.42	0.6	-0.0193909
0.42	0.63	-0.024559
0.42	0.66	-0.028216
0.42	0.69	-0.0304032
0.42	0.72	-0.0311906
0.42	0.75	-0.0306728
0.42	0.78	-0.028966
0.42	0.81	-0.0262034
0.42	0.84	-0.0225322
0.42	0.87	-0.0181103
0.42	0.9	-0.0131033
0.42	0.93	-0.00768222
0.42	0.96	-0.00202164
0.42	0.99	0.1
0.43	0	0.1
0.43	0.03	0.0948615
0.43	0.06	0.0897293
0.43	0.09	0.0846147
0.43	0.12	0.0795224
0.43	0.15	0.0744615
0.43	0.18	0.0694394
0.43	0.21	0.0644636
0.43	0.24	0.0595414
0.43	0.27	0.0546802
0.43	0.3	0.049887
0.43	0.33	0.0451665
0.43	0.36	0.0403863
0.43	0.39	0.0352465
0.43	0.42	0.0296603
0.43	0.45	0.0234175
0.43	0.48	0.0161201
0.43	0.51	0.00657919
0.43	0.54	-0.00293998
0.43	0.57	-0.01106
0.43	0.6	-0.0177216
0.43	0.63	-0.0228992
0.43	0.66	-0.0266004
0.43	0.69	-0.0288631
0.43	0.72	-0.0297535
0.43	0.75	-0.0293624
0.43	0.78	-0.0278016
0.43	0.81	-0.0252006
0.43	0.84	-0.021703
0.43	0.87	-0.0174637
0.43	0.9	-0.0126455
0.43	0.93	-0.00741735
0.43	0.96	-0.00195193
0.43	0.99	0.1
0.44	0	0.1
0.44	0.03	0.0949464
0.44	0.06	0.0899018
0.44	0.09	0.0848706
0.44	0.12	0.0798632
0.44	0.15	0.0748858
0.44	0.18	0.0699458
0.44	0.21	0.0650508
0.44	0.24	0.060208
0.44	0.27	0.055424
0.44	0.3	0.0507059
0.44	0.33	0.0460625
0.44	0.36	0.0413429
0.44	0.39	0.0362935
0.44	0.42	0.0307817
0.44	0.45	0.0246298
0.44	0.48	0.0174304
0.44	0.51	0.00801003
0.44	0.54	-0.00140603
0.44	0.57	-0.00946008
0.44	0.6	-0.0160927
0.44	0.63	-0.0212774
0.44	0.66	-0.0250192
0.44	0.69	-0.0273534
0.44	0.72	-0.0283426
0.44	0.75	-0.0280736
0.44	0.78	-0.0266546
0.44	0.81	-0.0242114
0.44	0.84	-0.020884
0.44	0.87	-0.0168243
0.44	0.9	-0.0121924
0.44	0.93	-0.00715509
0.44	0.96	-0.00188292
0.44	0.99	0.1
0.45	0	0.1
0.45	0.03	0.0950304
0.45	0.06	0.090067
0.45	0.09	0.0851198
0.45	0.12	0.0801937
0.45	0.15	0.0752971
0.45	0.18	0.0704371
0.45	0.21	0.0656206
0.45	0.24	0.0608544
0.45	0.27	0.0561458
0.45	0.3	0.0515012
0.45	0.33	0.046925
0.45	0.36	0.0422882
0.45	0.39	0.0373004
0.45	0.42	0.0318748
0.45	0.45	0.0258065
0.45	0.48	0.0187042
0.45	0.51	0.00940181
0.45	0.54	8.74489e-05
0.45	0.57	-0.00790065
0.45	0.6	-0.0145032
0.45	0.63	-0.0196925
0.45	0.66	-0.023472
0.45	0.69	-0.0258739
0.45	0.72	-0.0269577
0.45	0.75	-0.0268068
0.45	0.78	-0.0255255
0.45	0.81	-0.0232362
0.45	0.84	-0.0200757
0.45	0.87	-0.0161926
0.45	0.9	-0.0117445
0.45	0.93	-0.00689566
0.45	0.96	-0.00181465
0.45	0.99	0.1
0.46	0	0.1
0.46	0.03	0.0951104
0.46	0.06	0.090229
0.46	0.09	0.0853606
0.46	0.12	0.0805144
0.46	0.15	0.0756964
0.46	0.18	0.0709137
0.46	0.21	0.0661734
0.46	0.24	0.0614821
0.46	0.27	0.0568463
0.46	0.3	0.0522727
0.46	0.33	0.0477694
0.46	0.36	0.0431903
0.46	0.39	0.0382878
0.46	0.42	0.0329333
0.46	0.45	0.0269513
0.46	0.48	0.0199427
0.46	0.51	0.0107561
0.46	0.54	0.00154194
0.46	0.57	-0.00638037
0.46	0.6	-0.0129518
0.46	0.63	-0.0181437
0.46	0.66	-0.0219579
0.46	0.69	-0.0244241
0.46	0.72	-0.0255987
0.46	0.75	-0.0255619
0.46	0.78	-0.0244145
0.46	0.81	-0.0222755
0.46	0.84	-0.0192785
0.46	0.87	-0.015569
0.46	0.9	-0.011302
0.46	0.93	-0.00663926
0.46	0.96	-0.00174717
0.46	0.99	0.1
0.47	0	0.1
0.47	0.03	0.0951894
0.47	0.06	0.0903847
0.47	0.09	0.0855952
0.47	0.12	0.0808256
0.47	0.15	0.0760839
0.47	0.18	0.0713766
0.47	0.21	0.0667102
0.47	0.24	0.0620915
0.47	0.27	0.0575268
0.47	0.3	0.0530226
0.47	0.33	0.048583
0.47	0.36	0.0440822
0.47	0.39	0.0392385
0.47	0.42	0.0339656
0.47	0.45	0.0280635
0.47	0.48	0.0211477
0.47	0.51	0.0120743
0.47	0.54	0.00295887
0.47	0.57	-0.00489795
0.47	0.6	-0.0114373
0.47	0.63	-0.0166301
0.47	0.66	-0.0204763
0.47	0.69	-0.0230036
0.47	0.72	-0.0242655
0.47	0.75	-0.024339
0.47	0.78	-0.0233219
0.47	0.81	-0.0213296
0.47	0.84	-0.0184927
0.47	0.87	-0.0149538
0.47	0.9	-0.0108652
0.47	0.93	-0.00638607
0.47	0.96	-0.00168054
0.47	0.99	0.1
0.48	0	0.1
0.48	0.03	0.0952649
0.48	0.06	0.0905374
0.48	0.09	0.0858222
0.48	0.12	0.081128
0.48	0.15	0.0764603
0.48	0.18	0.071826
0.48	0.21	0.0672317
0.48	0.24	0.0626836
0.48	0.27	0.0581879
0.48	0.3	0.0537508
0.48	0.33	0.0493803
0.48	0.36	0.0449343
0.48	0.39	0.0401714
0.48	0.42	0.0349663
0.48	0.45	0.0291463
0.48	0.48	0.0223201
0.48	0.51	0.0133578
0.48	0.54	0.00433955
0.48	0.57	-0.00345214
0.48	0.6	-0.00995883
0.48	0.63	-0.0151508
0.48	0.66	-0.0190266
0.48	0.69	-0.021612
0.48	0.72	-0.0229578
0.48	0.75	-0.0231381
0.48	0.78	-0.0222476
0.48	0.81	-0.0203987
0.48	0.84	-0.0177187
0.48	0.87	-0.0143474
0.48	0.9	-0.0104343
0.48	0.93	-0.00613623
0.48	0.96	-0.0016148
0.48	0.99	0.1
0.49	0	0.1
0.49	0.03	0.0953393
0.49	0.06	0.0906844
0.49	0.09	0.0860435
0.49	0.12	0.0814217
0.49	0.15	0.076826
0.49	0.18	0.0722629
0.49	0.21	0.0677385
0.49	0.24	0.063259
0.49	0.27	0.0588306
0.49	0.3	0.0544593
0.49	0.33	0.0501491
0.49	0.36	0.0457772
0.49	0.39	0.0410705
0.49	0.42	0.0359429
0.49	0.45	0.0301991
0.49	0.48	0.0234615
0.49	0.51	0.0146079
0.49	0.54	0.00568524
0.49	0.57	-0.0020418
0.49	0.6	-0.00851524
0.49	0.63	-0.0137049
0.49	0.66	-0.0176082
0.49	0.69	-0.0202489
0.49	0.72	-0.0216754
0.49	0.75	-0.0219593
0.49	0.78	-0.021192
0.49	0.81	-0.0194829
0.49	0.84	-0.0169566
0.49	0.87	-0.0137499
0.49	0.9	-0.0100096
0.49	0.93	-0.00588986
0.49	0.96	-0.00154996
0.49	0.99	0.1
0.5	0	0.1
0.5	0.03	0.0954107
0.5	0.06	0.0908284
0.5	0.09	0.086258
0.5	0.12	0.0817072
0.5	0.15	0.0771816
0.5	0.18	0.0726875
0.5	0.21	0.0682311
0.5	0.24	0.0638185
0.5	0.27	0.0594555
0.5	0.3	0.0551478
0.5	0.33	0.050903
0.5	0.36	0.0465835
0.5	0.39	0.0419531
0.5	0.42	0.0368904
0.5	0.45	0.0312247
0.5	0.48	0.0245728
0.5	0.51	0.0158258
0.5	0.54	0.00699712
0.5	0.57	-0.000665819
0.5	0.6	-0.00710559
0.5	0.63	-0.0122917
0.5	0.66	-0.0162204
0.5	0.69	-0.0189138
0.5	0.72	-0.0204182
0.5	0.75	-0.0208023
0.5	0.78	-0.0201549
0.5	0.81	-0.0185826
0.5	0.84	-0.0162068
0.5	0.87	-0.0131617
0.5	0.9	-0.00959122
0.5	0.93	-0.00564708
0.5	0.96	-0.00148607
0.5	0.99	0.1
0.51	0	0.1
0.51	0.03	0.0954809
0.51	0.06	0.0909674
0.51	0.09	0.0864671
0.51	0.12	0.0819848
0.51	0.15	0.0775273
0.51	0.18	0.0731005
0.51	0.21	0.0687104
0.51	0.24	0.0643627
0.51	0.27	0.0600634
0.51	0.3	0.0558182
0.51	0.33	0.0516307
0.51	0.36	0.0473813
0.51	0.39	0.0428047
0.51	0.42	0.0378154
0.51	0.45	0.0322226
0.51	0.48	0.0256553
0.51	0.51	0.0170126
0.51	0.54	0.00827632
0.51	0.57	0.000676867
0.51	0.6	-0.00572892
0.51	0.63	-0.0109103
0.51	0.66	-0.0148627
0.51	0.69	-0.0176064
0.51	0.72	-0.0191858
0.51	0.75	-0.0196671
0.51	0.78	-0.0191365
0.51	0.81	-0.0176976
0.51	0.84	-0.0154692
0.51	0.87	-0.0125827
0.51	0.9	-0.00917924
0.51	0.93	-0.00540796
0.51	0.96	-0.00142315
0.51	0.99	0.1
0.52	0	0.1
0.52	0.03	0.0955485
0.52	0.06	0.0911036
0.52	0.09	0.08667
0.52	0.12	0.082255
0.52	0.15	0.0778637
0.52	0.18	0.0735023
0.52	0.21	0.0691766
0.52	0.24	0.0648923
0.52	0.27	0.060655
0.52	0.3	0.05647
0.52	0.33	0.0523447
0.52	0.36	0.0481452
0.52	0.39	0.0436409
0.52	0.42	0.0387136
0.52	0.45	0.0331952
0.52	0.48	0.0267099
0.52	0.51	0.0181693
0.52	0.54	0.00952389
0.52	0.57	0.00198726
0.52	0.6	-0.00438434
0.52	0.63	-0.00956005
0.52	0.66	-0.0135343
0.52	0.69	-0.0163262
0.52	0.72	-0.0179779
0.52	0.75	-0.0185535
0.52	0.78	-0.0181366
0.52	0.81	-0.0168281
0.52	0.84	-0.0147441
0.52	0.87	-0.0120131
0.52	0.9	-0.00877382
0.52	0.93	-0.00517258
0.52	0.96	-0.00136121
0.52	0.99	0.1
0.53	0	0.1
0.53	0.03	0.0956149
0.53	0.06	0.0912352
0.53	0.09	0.0868679
0.53	0.12	0.0825177
0.53	0.15	0.078191
0.53	0.18	0.0738934
0.53	0.21	0.0696304
0.53	0.24	0.0654077
0.53	0.27	0.0612308
0.53	0.3	0.0571052
0.53	0.33	0.0530343
0.53	0.36	0.0489013
0.53	0.39	0.0444485
0.53	0.42	0.039591
0.53	0.45	0.0341421
0.53	0.48	0.0277376
0.53	0.51	0.0192971
0.53	0.54	0.0107409
0.53	0.57	0.00326631
0.53	0.6	-0.00307098
0.53	0.63	-0.0082401
0.53	0.66	-0.0122348
0.53	0.69	-0.0150726
0.53	0.72	-0.0167942
0.53	0.75	-0.0174614
0.53	0.78	-0.0171552
0.53	0.81	-0.0159742
0.53	0.84	-0.0140315
0.53	0.87	-0.0114531
0.53	0.9	-0.00837502
0.53	0.93	-0.004941
0.53	0.96	-0.00130026
0.53	0.99	0.1
0.54	0	0.1
0.54	0.03	0.095679
0.54	0.06	0.0913642
0.54	0.09	0.0870601
0.54	0.12	0.0827736
0.54	0.15	0.0785097
0.54	0.18	0.074274
0.54	0.21	0.0700722
0.54	0.24	0.0659096
0.54	0.27	0.0617915
0.54	0.3	0.0577232
0.54	0.33	0.0537113
0.54	0.36	0.049626
0.54	0.39	0.0452417
0.54	0.42	0.0404435
0.54	0.45	0.0350655
0.54	0.48	0.0287394
0.54	0.51	0.0203968
0.54	0.54	0.0119282
0.54	0.57	0.00451494
0.54	0.6	-0.00178801
0.54	0.63	-0.00694976
0.54	0.66	-0.0109634
0.54	0.69	-0.0138453
0.54	0.72	-0.0156345
0.54	0.75	-0.0163905
0.54	0.78	-0.0161923
0.54	0.81	-0.0151357
0.54	0.84	-0.0133314
0.54	0.87	-0.0109027
0.54	0.9	-0.0079829
0.54	0.93	-0.00471324
0.54	0.96	-0.00124033
0.54	0.99	0.1
0.55	0	0.1
0.55	0.03	0.0957419
0.55	0.06	0.091489
0.55	0.09	0.0872477
0.55	0.12	0.0830227
0.55	0.15	0.0788199
0.55	0.18	0.0746447
0.55	0.21	0.0705025
0.55	0.24	0.0663984
0.55	0.27	0.0623377
0.55	0.3	0.0583257
0.55	0.33	0.0543657
0.55	0.36	0.0503434
0.55	0.39	0.0460085
0.55	0.42	0.0412764
0.55	0.45	0.035965
0.55	0.48	0.0297162
0.55	0.51	0.0214694
0.55	0.54	0.0130867
0.55	0.57	0.00573402
0.55	0.6	-0.000534619
0.55	0.63	-0.00568834
0.55	0.66	-0.00971965
0.55	0.69	-0.0126439
0.55	0.72	-0.0144983
0.55	0.75	-0.0153407
0.55	0.78	-0.0152476
0.55	0.81	-0.0143126
0.55	0.84	-0.0126438
0.55	0.87	-0.0103619
0.55	0.9	-0.00759752
0.55	0.93	-0.00448934
0.55	0.96	-0.00118141
0.55	0.99	0.1
0.56	0	0.1
0.56	0.03	0.0958027
0.56	0.06	0.0916112
0.56	0.09	0.08743
0.56	0.12	0.0832654
0.56	0.15	0.0791222
0.56	0.18	0.0750058
0.56	0.21	0.0709216
0.56	0.24	0.0668746
0.56	0.27	0.0628698
0.56	0.3	0.0589122
0.56	0.33	0.0550082
0.56	0.36	0.0510316
0.56	0.39	0.0467616
0.56	0.42	0.0420863
0.56	0.45	0.0368425
0.56	0.48	0.0306686
0.56	0.51	0.0225157
0.56	0.54	0.0142174
0.56	0.57	0.00692438
0.56	0.6	0.000689952
0.56	0.63	-0.00445516
0.56	0.66	-0.00850295
0.56	0.69	-0.0114678
0.56	0.72	-0.0133853
0.56	0.75	-0.0143117
0.56	0.78	-0.0143212
0.56	0.81	-0.013505
0.56	0.84	-0.0119688
0.56	0.87	-0.0098307
0.56	0.9	-0.00721888
0.56	0.93	-0.00426933
0.56	0.96	-0.00112351
0.56	0.99	0.1
0.57	0	0.1
0.57	0.03	0.0958624
0.57	0.06	0.0917297
0.57	0.09	0.087608
0.57	0.12	0.0835017
0.57	0.15	0.0794166
0.57	0.18	0.0753577
0.57	0.21	0.07133
0.57	0.24	0.0673386
0.57	0.27	0.0633884
0.57	0.3	0.0594844
0.57	0.33	0.0556298
0.57	0.36	0.0517129
0.57	0.39	0.0474902
0.57	0.42	0.0428779
0.57	0.45	0.0376977
0.57	0.48	0.0315976
0.57	0.51	0.0235365
0.57	0.54	0.015321
0.57	0.57	0.00808683
0.57	0.6	0.00188645
0.57	0.63	-0.00324954
0.57	0.66	-0.00731273
0.57	0.69	-0.0103165
0.57	0.72	-0.0122953
0.57	0.75	-0.0133032
0.57	0.78	-0.0134127
0.57	0.81	-0.0127126
0.57	0.84	-0.0113062
0.57	0.87	-0.00930915
0.57	0.9	-0.006847
0.57	0.93	-0.0040532
0.57	0.96	-0.00106663
0.57	0.99	0.1
0.58	0	0.1
0.58	0.03	0.0959201
0.58	0.06	0.0918456
0.58	0.09	0.0877811
0.58	0.12	0.0837322
0.58	0.15	0.0797036
0.58	0.18	0.0757006
0.58	0.21	0.071728
0.58	0.24	0.0677909
0.58	0.27	0.0638938
0.58	0.3	0.0600416
0.58	0.33	0.0562403
0.58	0.36	0.0523672
0.58	0.39	0.0482061
0.58	0.42	0.0436481
0.58	0.45	0.0385322
0.58	0.48	0.0325038
0.58	0.51	0.0245327
0.58	0.54	0.0163984
0.58	0.57	0.00922214
0.58	0.6	0.00305561
0.58	0.63	-0.00207084
0.58	0.66	-0.00614843
0.58	0.69	-0.0091897
0.58	0.72	-0.0112277
0.58	0.75	-0.012315
0.58	0.78	-0.012522
0.58	0.81	-0.0119354
0.58	0.84	-0.0106561
0.58	0.87	-0.0087972
0.58	0.9	-0.00648187
0.58	0.93	-0.00384096
0.58	0.96	-0.00101078
0.58	0.99	0.1
0.59	0	0.1
0.59	0.03	0.0959767
0.59	0.06	0.0919582
0.59	0.09	0.0879501
0.59	0.12	0.0839567
0.59	0.15	0.0799834
0.59	0.18	0.0760349
0.59	0.21	0.0721161
0.59	0.24	0.0682318
0.59	0.27	0.0643867
0.59	0.3	0.0605854
0.59	0.33	0.0568312
0.59	0.36	0.0530147
0.59	0.39	0.0488991
0.59	0.42	0.044401
0.59	0.45	0.0393459
0.59	0.48	0.0333881
0.59	0.51	0.0255049
0.59	0.54	0.0174503
0.59	0.57	0.010331
0.59	0.6	0.0041981
0.59	0.63	-0.000918441
0.59	0.66	-0.00500952
0.59	0.69	-0.00808686
0.59	0.72	-0.0101823
0.59	0.75	-0.0113469
0.59	0.78	-0.011649
0.59	0.81	-0.0111732
0.59	0.84	-0.0100183
0.59	0.87	-0.0082948
0.59	0.9	-0.00612347
0.59	0.93	-0.0036326
0.59	0.96	-0.000955947
0.59	0.99	0.1
0.6	0	0.1
0.6	0.03	0.0960316
0.6	0.06	0.0920684
0.6	0.09	0.0881146
0.6	0.12	0.0841757
0.6	0.15	0.0802561
0.6	0.18	0.0763608
0.6	0.21	0.0724945
0.6	0.24	0.0686617
0.6	0.27	0.0648672
0.6	0.3	0.0611153
0.6	0.33	0.0574118
0.6	0.36	0.0536372
0.6	0.39	0.0495799
0.6	0.42	0.0451339
0.6	0.45	0.0401402
0.6	0.48	0.034251
0.6	0.51	0.0264539
0.6	0.54	0.0184774
0.6	0.57	0.0114142
0.6	0.6	0.00531461
0.6	0.63	0.000208273
0.6	0.66	-0.00389544
0.6	0.69	-0.00700754
0.6	0.72	-0.00915874
0.6	0.75	-0.0103984
0.6	0.78	-0.0107933
0.6	0.81	-0.0104259
0.6	0.84	-0.00939269
0.6	0.87	-0.0078019
0.6	0.9	-0.00577176
0.6	0.93	-0.0034281
0.6	0.96	-0.000902132
0.6	0.99	0.1
0.61	0	0.1
0.61	0.03	0.0960854
0.61	0.06	0.0921754
0.61	0.09	0.0882753
0.61	0.12	0.0843891
0.61	0.15	0.0805221
0.61	0.18	0.0766787
0.61	0.21	0.0728635
0.61	0.24	0.0690811
0.61	0.27	0.065336
0.61	0.3	0.0616326
0.61	0.33	0.057974
0.61	0.36	0.0542532
0.61	0.39	0.0502396
0.61	0.42	0.0458505
0.61	0.45	0.040915
0.61	0.48	0.0350932
0.61	0.51	0.0273803
0.61	0.54	0.0194804
0.61	0.57	0.0124724
0.61	0.6	0.00640577
0.61	0.63	0.0013099
0.61	0.66	-0.00280568
0.61	0.69	-0.00595129
0.61	0.72	-0.00815656
0.61	0.75	-0.00946943
0.61	0.78	-0.00995488
0.61	0.81	-0.00969341
0.61	0.84	-0.00877925
0.61	0.87	-0.00731843
0.61	0.9	-0.00542672
0.61	0.93	-0.00322745
0.61	0.96	-0.00084933
0.61	0.99	0.1
0.62	0	0.1
0.62	0.03	0.0961377
0.62	0.06	0.0922802
0.62	0.09	0.0884318
0.62	0.12	0.0845974
0.62	0.15	0.0807815
0.62	0.18	0.0769887
0.62	0.21	0.0732234
0.62	0.24	0.0694902
0.62	0.27	0.0657932
0.62	0.3	0.0621369
0.62	0.33	0.0585265
0.62	0.36	0.0548459
0.62	0.39	0.0508877
0.62	0.42	0.0465484
0.62	0.45	0.0416715
0.62	0.48	0.0359153
0.62	0.51	0.0282848
0.62	0.54	0.0204599
0.62	0.57	0.0135063
0.62	0.6	0.00747222
0.62	0.63	0.00238701
0.62	0.66	-0.00173972
0.62	0.69	-0.00491767
0.62	0.72	-0.00717544
0.62	0.75	-0.00855957
0.62	0.78	-0.00913339
0.62	0.81	-0.00897544
0.62	0.84	-0.00817783
0.62	0.87	-0.00684432
0.62	0.9	-0.00508829
0.62	0.93	-0.00303063
0.62	0.96	-0.000797533
0.62	0.99	0.1
0.63	0	0.1
0.63	0.03	0.0961889
0.63	0.06	0.0923821
0.63	0.09	0.0885846
0.63	0.12	0.0848005
0.63	0.15	0.0810346
0.63	0.18	0.0772912
0.63	0.21	0.0735746
0.63	0.24	0.0698893
0.63	0.27	0.0662394
0.63	0.3	0.0626293
0.63	0.33	0.0590618
0.63	0.36	0.0554323
0.63	0.39	0.0515159
0.63	0.42	0.0472309
0.63	0.45	0.0424096
0.63	0.48	0.0367178
0.63	0.51	0.0291681
0.63	0.54	0.0214167
0.63	0.57	0.0145164
0.63	0.6	0.00851457
0.63	0.63	0.00344017
0.63	0.66	-0.000697046
0.63	0.69	-0.00390622
0.63	0.72	-0.00621498
0.63	0.75	-0.00766855
0.63	0.78	-0.00832862
0.63	0.81	-0.00827185
0.63	0.84	-0.00758829
0.63	0.87	-0.00637946
0.63	0.9	-0.0047564
0.63	0.93	-0.00283759
0.63	0.96	-0.000746733
0.63	0.99	0.1
0.64	0	0.1
0.64	0.03	0.0962386
0.64	0.06	0.0924818
0.64	0.09	0.0887336
0.64	0.12	0.0849988
0.64	0.15	0.0812816
0.64	0.18	0.0775863
0.64	0.21	0.0739173
0.64	0.24	0.0702787
0.64	0.27	0.0666748
0.64	0.3	0.0631095
0.64	0.33	0.0595879
0.64	0.36	0.0559969
0.64	0.39	0.0521332
0.64	0.42	0.0478958
0.64	0.45	0.0431305
0.64	0.48	0.0375014
0.64	0.51	0.0300306
0.64	0.54	0.0223513
0.64	0.57	0.0155034
0.64	0.6	0.0095334
0.64	0.63	0.00446993
0.64	0.66	0.00032283
0.64	0.69	-0.00291652
0.64	0.72	-0.00527483
0.64	0.75	-0.00679606
0.64	0.78	-0.00754032
0.64	0.81	-0.00758246
0.64	0.84	-0.00701049
0.64	0.87	-0.00592376
0.64	0.9	-0.00443101
0.64	0.93	-0.0026483
0.64	0.96	-0.000696922
0.64	0.99	0.1
0.65	0	0.1
0.65	0.03	0.0962873
0.65	0.06	0.0925788
0.65	0.09	0.0888791
0.65	0.12	0.0851922
0.65	0.15	0.0815226
0.65	0.18	0.0778743
0.65	0.21	0.0742517
0.65	0.24	0.0706588
0.65	0.27	0.0670997
0.65	0.3	0.0635785
0.65	0.33	0.0600979
0.65	0.36	0.0565555
0.65	0.39	0.0527319
0.65	0.42	0.0485462
0.65	0.45	0.0438341
0.65	0.48	0.0382666
0.65	0.51	0.0308731
0.65	0.54	0.0232644
0.65	0.57	0.0164678
0.65	0.6	0.0105293
0.65	0.63	0.00547682
0.65	0.66	0.0013204
0.65	0.69	-0.00194814
0.65	0.72	-0.00435462
0.65	0.75	-0.00594179
0.65	0.78	-0.00676824
0.65	0.81	-0.00690707
0.65	0.84	-0.00644429
0.65	0.87	-0.00547713
0.65	0.9	-0.00411203
0.65	0.93	-0.00246273
0.65	0.96	-0.000648088
0.65	0.99	0.1
0.66	0	0.1
0.66	0.03	0.0963347
0.66	0.06	0.0926737
0.66	0.09	0.089021
0.66	0.12	0.085381
0.66	0.15	0.0817578
0.66	0.18	0.0781555
0.66	0.21	0.0745781
0.66	0.24	0.0710298
0.66	0.27	0.0675145
0.66	0.3	0.064036
0.66	0.33	0.0605992
0.66	0.36	0.0570937
0.66	0.39	0.0533202
0.66	0.42	0.0491801
0.66	0.45	0.0445213
0.66	0.48	0.0390139
0.66	0.51	0.0316959
0.66	0.54	0.0241564
0.66	0.57	0.0174103
0.66	0.6	0.0115028
0.66	0.63	0.00646137
0.66	0.66	0.00229614
0.66	0.69	-0.00100063
0.66	0.72	-0.00345396
0.66	0.75	-0.00510542
0.66	0.78	-0.00601213
0.66	0.81	-0.00624547
0.66	0.84	-0.00588954
0.66	0.87	-0.00503943
0.66	0.9	-0.0037994
0.66	0.93	-0.00228084
0.66	0.96	-0.000600221
0.66	0.99	0.1
0.67	0	0.1
0.67	0.03	0.0963811
0.67	0.06	0.0927662
0.67	0.09	0.0891596
0.67	0.12	0.0855653
0.67	0.15	0.0819874
0.67	0.18	0.0784299
0.67	0.21	0.0748968
0.67	0.24	0.071392
0.67	0.27	0.0679195
0.67	0.3	0.064483
0.67	0.33	0.0610853
0.67	0.36	0.057626
0.67	0.39	0.053891
0.67	0.42	0.0498002
0.67	0.45	0.0451923
0.67	0.48	0.0397438
0.67	0.51	0.0324997
0.67	0.54	0.0250279
0.67	0.57	0.0183314
0.67	0.6	0.0124544
0.67	0.63	0.00742409
0.67	0.66	0.00325053
0.67	0.69	-7.35955e-05
0.67	0.72	-0.0025725
0.67	0.75	-0.00428664
0.67	0.78	-0.00527173
0.67	0.81	-0.00559746
0.67	0.84	-0.00534606
0.67	0.87	-0.00461056
0.67	0.9	-0.00349304
0.67	0.93	-0.00210258
0.67	0.96	-0.00055331
0.67	0.99	0.1
0.68	0	0.1
0.68	0.03	0.0964262
0.68	0.06	0.0928566
0.68	0.09	0.0892948
0.68	0.12	0.0857452
0.68	0.15	0.0822115
0.68	0.18	0.0786978
0.68	0.21	0.0752079
0.68	0.24	0.0717457
0.68	0.27	0.0683149
0.68	0.3	0.0649191
0.68	0.33	0.0615632
0.68	0.36	0.0581392
0.68	0.39	0.0544518
0.68	0.42	0.0504047
0.68	0.45	0.0458478
0.68	0.48	0.0404566
0.68	0.51	0.0332849
0.68	0.54	0.0258795
0.68	0.57	0.0192316
0.68	0.6	0.0133847
0.68	0.63	0.00836546
0.68	0.66	0.00418401
0.68	0.69	0.000833393
0.68	0.72	-0.00170986
0.68	0.75	-0.00348514
0.68	0.78	-0.00454677
0.68	0.81	-0.00496283
0.68	0.84	-0.0048137
0.68	0.87	-0.0041904
0.68	0.9	-0.00319285
0.68	0.93	-0.0019279
0.68	0.96	-0.000507342
0.68	0.99	0.1
0.69	0	0.1
0.69	0.03	0.0964704
0.69	0.06	0.0929447
0.69	0.09	0.089427
0.69	0.12	0.0859208
0.69	0.15	0.0824304
0.69	0.18	0.0789594
0.69	0.21	0.0755117
0.69	0.24	0.072091
0.69	0.27	0.068701
0.69	0.3	0.0653454
0.69	0.33	0.0620268
0.69	0.36	0.0586467
0.69	0.39	0.0549964
0.69	0.42	0.0509961
0.69	0.45	0.0464879
0.69	0.48	0.0411531
0.69	0.51	0.0340521
0.69	0.54	0.0267116
0.69	0.57	0.0201115
0.69	0.6	0.0142941
0.69	0.63	0.00928598
0.69	0.66	0.00509705
0.69	0.69	0.00172074
0.69	0.72	-0.000865694
0.69	0.75	-0.0027006
0.69	0.78	-0.003837
0.69	0.81	-0.00434136
0.69	0.84	-0.00429228
0.69	0.87	-0.00377882
0.69	0.9	-0.00289877
0.69	0.93	-0.00175676
0.69	0.96	-0.000462305
0.69	0.99	0.1
0.7	0	0.1
0.7	0.03	0.0965135
0.7	0.06	0.0930309
0.7	0.09	0.0895559
0.7	0.12	0.0860924
0.7	0.15	0.0826441
0.7	0.18	0.0792149
0.7	0.21	0.0758083
0.7	0.24	0.0724282
0.7	0.27	0.069078
0.7	0.3	0.0657613
0.7	0.33	0.0624825
0.7	0.36	0.0591364
0.7	0.39	0.0555313
0.7	0.42	0.0515729
0.7	0.45	0.0471133
0.7	0.48	0.0418334
0.7	0.51	0.0348017
0.7	0.54	0.0275248
0.7	0.57	0.0209714
0.7	0.6	0.0151832
0.7	0.63	0.0101861
0.7	0.66	0.00599008
0.7	0.69	0.00258886
0.7	0.72	-3.96284e-05
0.7	0.75	-0.00193272
0.7	0.78	-0.00314214
0.7	0.81	-0.00373284
0.7	0.84	-0.00378165
0.7	0.87	-0.00337569
0.7	0.9	-0.00261069
0.7	0.93	-0.0015891
0.7	0.96	-0.000418185
0.7	0.99	0.1
0.71	0	0.1
0.71	0.03	0.0965556
0.71	0.06	0.093115
0.71	0.09	0.0896819
0.71	0.12	0.0862599
0.71	0.15	0.0828528
0.71	0.18	0.0794644
0.71	0.21	0.0760981
0.71	0.24	0.0727575
0.71	0.27	0.0694463
0.71	0.3	0.0661679
0.71	0.33	0.0629248
0.71	0.36	0.0596204
0.71	0.39	0.0560509
0.71	0.42	0.0521372
0.71	0.45	0.0477242
0.71	0.48	0.0424981
0.71	0.51	0.0355341
0.71	0.54	0.0283196
0.71	0.57	0.021812
0.71	0.6	0.0160524
0.71	0.63	0.0110663
0.71	0.66	0.00686353
0.71	0.69	0.00343813
0.71	0.72	0.000768688
0.71	0.75	-0.00118118
0.71	0.78	-0.00246194
0.71	0.81	-0.00313704
0.71	0.84	-0.00328161
0.71	0.87	-0.00298088
0.71	0.9	-0.00232853
0.71	0.93	-0.00142488
0.71	0.96	-0.000374969
0.71	0.99	0.1
0.72	0	0.1
0.72	0.03	0.0965967
0.72	0.06	0.0931972
0.72	0.09	0.0898048
0.72	0.12	0.0864235
0.72	0.15	0.0830567
0.72	0.18	0.079708
0.72	0.21	0.076381
0.72	0.24	0.0730792
0.72	0.27	0.069806
0.72	0.3	0.0665647
0.72	0.33	0.0633595
0.72	0.36	0.0600878
0.72	0.39	0.0565612
0.72	0.42	0.0526877
0.72	0.45	0.0483211
0.72	0.48	0.0431476
0.72	0.51	0.0362498
0.72	0.54	0.0290963
0.72	0.57	0.0226337
0.72	0.6	0.0169023
0.72	0.63	0.0119271
0.72	0.66	0.00771783
0.72	0.69	0.00426896
0.72	0.72	0.00155961
0.72	0.75	-0.000445664
0.72	0.78	-0.00179612
0.72	0.81	-0.00255375
0.72	0.84	-0.002792
0.72	0.87	-0.00259425
0.72	0.9	-0.0020522
0.72	0.93	-0.00126404
0.72	0.96	-0.000332643
0.72	0.99	0.1
0.73	0	0.1
0.73	0.03	0.0966369
0.73	0.06	0.0932774
0.73	0.09	0.089925
0.73	0.12	0.0865833
0.73	0.15	0.0832558
0.73	0.18	0.0799461
0.73	0.21	0.0766575
0.73	0.24	0.0733935
0.73	0.27	0.0701574
0.73	0.3	0.0669527
0.73	0.33	0.0637817
0.73	0.36	0.0605496
0.73	0.39	0.0570572
0.73	0.42	0.0532263
0.73	0.45	0.0489043
0.73	0.48	0.0437822
0.73	0.51	0.0369493
0.73	0.54	0.0298554
0.73	0.57	0.0234369
0.73	0.6	0.0177332
0.73	0.63	0.0127688
0.73	0.66	0.0085534
0.73	0.69	0.00508172
0.73	0.72	0.00233348
0.73	0.75	0.000274125
0.73	0.78	-0.00114442
0.73	0.81	-0.00198275
0.73	0.84	-0.00231264
0.73	0.87	-0.00221568
0.73	0.9	-0.0017816
0.73	0.93	-0.00110653
0.73	0.96	-0.000291193
0.73	0.99	0.1
0.74	0	0.1
0.74	0.03	0.0966761
0.74	0.06	0.0933558
0.74	0.09	0.0900424
0.74	0.12	0.0867394
0.74	0.15	0.0834504
0.74	0.18	0.0801786
0.74	0.21	0.0769275
0.74	0.24	0.0737004
0.74	0.27	0.0705007
0.74	0.3	0.0673314
0.74	0.33	0.0641966
0.74	0.36	0.0609958
0.74	0.39	0.0575443
0.74	0.42	0.0537518
0.74	0.45	0.0494742
0.74	0.48	0.0444023
0.74	0.51	0.0376328
0.74	0.54	0.0305974
0.74	0.57	0.0242221
0.74	0.6	0.0185455
0.74	0.63	0.0135918
0.74	0.66	0.00937064
0.74	0.69	0.00587679
0.74	0.72	0.00309064
0.74	0.75	0.000978493
0.74	0.78	-0.000506591
0.74	0.81	-0.0014238
0.74	0.84	-0.00184335
0.74	0.87	-0.00184502
0.74	0.9	-0.00151663
0.74	0.93	-0.000952296
0.74	0.96	-0.000250604
0.74	0.99	0.1
0.75	0	0.1
0.75	0.03	0.0967145
0.75	0.06	0.0934323
0.75	0.09	0.0901571
0.75	0.12	0.0868919
0.75	0.15	0.0836404
0.75	0.18	0.0804058
0.75	0.21	0.0771913
0.75	0.24	0.0740004
0.75	0.27	0.0708361
0.75	0.3	0.0677017
0.75	0.33	0.0645995
0.75	0.36	0.0614366
0.75	0.39	0.0580179
0.75	0.42	0.054266
0.75	0.45	0.050031
0.75	0.48	0.0450084
0.75	0.51	0.0383009
0.75	0.54	0.0313227
0.75	0.57	0.0249897
0.75	0.6	0.0193398
0.75	0.63	0.0143967
0.75	0.66	0.0101699
0.75	0.69	0.00665455
0.75	0.72	0.00383143
0.75	0.75	0.00166774
0.75	0.78	0.000117643
0.75	0.81	-0.000876707
0.75	0.84	-0.00138395
0.75	0.87	-0.00148214
0.75	0.9	-0.00125721
0.75	0.93	-0.000801278
0.75	0.96	-0.000210863
0.75	0.99	0.1
0.76	0	0.1
0.76	0.03	0.0967519
0.76	0.06	0.0935072
0.76	0.09	0.0902691
0.76	0.12	0.0870409
0.76	0.15	0.0838261
0.76	0.18	0.0806277
0.76	0.21	0.0774491
0.76	0.24	0.0742934
0.76	0.27	0.0711638
0.76	0.3	0.0680632
0.76	0.33	0.0649956
0.76	0.36	0.0618627
0.76	0.39	0.0584829
0.76	0.42	0.0547678
0.76	0.45	0.0505753
0.76	0.48	0.0456006
0.76	0.51	0.0389538
0.76	0.54	0.0320316
0.76	0.57	0.0257401
0.76	0.6	0.0201164
0.76	0.63	0.0151838
0.76	0.66	0.0109517
0.76	0.69	0.00741536
0.76	0.72	0.0045562
0.76	0.75	0.00234217
0.76	0.78	0.00072854
0.76	0.81	-0.000341233
0.76	0.84	-0.000934262
0.76	0.87	-0.0011269
0.76	0.9	-0.00100324
0.76	0.93	-0.000653424
0.76	0.96	-0.000171954
0.76	0.99	0.1
0.77	0	0.1
0.77	0.03	0.0967885
0.77	0.06	0.0935803
0.77	0.09	0.0903785
0.77	0.12	0.0871865
0.77	0.15	0.0840075
0.77	0.18	0.0808446
0.77	0.21	0.077701
0.77	0.24	0.0745797
0.77	0.27	0.071484
0.77	0.3	0.0684168
0.77	0.33	0.0653804
0.77	0.36	0.0622834
0.77	0.39	0.0589352
0.77	0.42	0.0552589
0.77	0.45	0.051107
0.77	0.48	0.0461795
0.77	0.51	0.0395921
0.77	0.54	0.0327246
0.77	0.57	0.0264738
0.77	0.6	0.0208758
0.77	0.63	0.0159535
0.77	0.66	0.0117163
0.77	0.69	0.00815958
0.77	0.72	0.00526525
0.77	0.75	0.00300208
0.77	0.78	0.00132635
0.77	0.81	0.000182834
0.77	0.84	-0.000494111
0.77	0.87	-0.000779169
0.77	0.9	-0.000754613
0.77	0.93	-0.00050868
0.77	0.96	-0.000133863
0.77	0.99	0.1
0.78	0	0.1
0.78	0.03	0.0968242
0.78	0.06	0.0936517
0.78	0.09	0.0904855
0.78	0.12	0.0873288
0.78	0.15	0.0841848
0.78	0.18	0.0810565
0.78	0.21	0.0779471
0.78	0.24	0.0748596
0.78	0.27	0.0717969
0.78	0.3	0.0687621
0.78	0.33	0.0657586
0.78	0.36	0.0626904
0.78	0.39	0.0593793
0.78	0.42	0.0557382
0.78	0.45	0.0516269
0.78	0.48	0.0467453
0.78	0.51	0.0402159
0.78	0.54	0.0334021
0.78	0.57	0.0271911
0.78	0.6	0.0216183
0.78	0.63	0.0167063
0.78	0.66	0.0124641
0.78	0.69	0.00888755
0.78	0.72	0.00595892
0.78	0.75	0.00364775
0.78	0.78	0.00191134
0.78	0.81	0.000695712
0.78	0.84	-6.3317e-05
0.78	0.87	-0.000438802
0.78	0.9	-0.000511242
0.78	0.93	-0.000366989
0.78	0.96	-9.6576e-05
0.78	0.99	0.1
0.79	0	0.1
0.79	0.03	0.0968592
0.79	0.06	0.0937215
0.79	0.09	0.09059
0.79	0.12	0.0874678
0.79	0.15	0.084358
0.79	0.18	0.0812636
0.79	0.21	0.0781876
0.79	0.24	0.075133
0.79	0.27	0.0721027
0.79	0.3	0.0690997
0.79	0.33	0.0661261
0.79	0.36	0.0630922
0.79	0.39	0.0598113
0.79	0.42	0.0562072
0.79	0.45	0.0521349
0.79	0.48	0.0472983
0.79	0.51	0.0408257
0.79	0.54	0.0340644
0.79	0.57	0.0278923
0.79	0.6	0.0223443
0.79	0.63	0.0174424
0.79	0.66	0.0131955
0.79	0.69	0.00959963
0.79	0.72	0.00663753
0.79	0.75	0.00427948
0.79	0.78	0.00248376
0.79	0.81	0.00119762
0.79	0.84	0.000358295
0.79	0.87	-0.000105666
0.79	0.9	-0.000273028
0.79	0.93	-0.000228296
0.79	0.96	-6.00779e-05
0.79	0.99	0.1
0.8	0	0.1
0.8	0.03	0.0968933
0.8	0.06	0.0937897
0.8	0.09	0.0906921
0.8	0.12	0.0876037
0.8	0.15	0.0845273
0.8	0.18	0.0814659
0.8	0.21	0.0784226
0.8	0.24	0.0754002
0.8	0.27	0.0724016
0.8	0.3	0.0694295
0.8	0.33	0.0664873
0.8	0.36	0.0634811
0.8	0.39	0.0602354
0.8	0.42	0.0566651
0.8	0.45	0.0526315
0.8	0.48	0.0478389
0.8	0.51	0.0414218
0.8	0.54	0.0347118
0.8	0.57	0.028578
0.8	0.6	0.0230542
0.8	0.63	0.0181622
0.8	0.66	0.0139109
0.8	0.69	0.0102962
0.8	0.72	0.00730139
0.8	0.75	0.00489754
0.8	0.78	0.00304385
0.8	0.81	0.00168876
0.8	0.84	0.000770901
0.8	0.87	0.000220375
0.8	0.9	-3.98756e-05
0.8	0.93	-9.25464e-05
0.8	0.96	-2.43543e-05
0.8	0.99	0.1
0.81	0	0.1
0.81	0.03	0.0969267
0.81	0.06	0.0938564
0.81	0.09	0.090792
0.81	0.12	0.0877364
0.81	0.15	0.0846927
0.81	0.18	0.0816637
0.81	0.21	0.0786523
0.81	0.24	0.0756614
0.81	0.27	0.0726937
0.81	0.3	0.069752
0.81	0.33	0.0668384
0.81	0.36	0.0638648
0.81	0.39	0.0606482
0.81	0.42	0.0571132
0.81	0.45	0.0531169
0.81	0.48	0.0483673
0.81	0.51	0.0420045
0.81	0.54	0.0353448
0.81	0.57	0.0292483
0.81	0.6	0.0237484
0.81	0.63	0.0188662
0.81	0.66	0.0146105
0.81	0.69	0.0109774
0.81	0.72	0.00795081
0.81	0.75	0.00550221
0.81	0.78	0.00359187
0.81	0.81	0.00216935
0.81	0.84	0.00117467
0.81	0.87	0.000539457
0.81	0.9	0.000188309
0.81	0.93	4.03153e-05
0.81	0.96	1.06093e-05
0.81	0.99	0.1
0.82	0	0.1
0.82	0.03	0.0969593
0.82	0.06	0.0939215
0.82	0.09	0.0908895
0.82	0.12	0.0878662
0.82	0.15	0.0848544
0.82	0.18	0.081857
0.82	0.21	0.0788769
0.82	0.24	0.0759166
0.82	0.27	0.0729792
0.82	0.3	0.070067
0.82	0.33	0.0671834
0.82	0.36	0.0642364
0.82	0.39	0.0610533
0.82	0.42	0.0575506
0.82	0.45	0.0535914
0.82	0.48	0.0488838
0.82	0.51	0.0425742
0.82	0.54	0.0359636
0.82	0.57	0.0299038
0.82	0.6	0.0244272
0.82	0.63	0.0195546
0.82	0.66	0.0152947
0.82	0.69	0.0116438
0.82	0.72	0.00858609
0.82	0.75	0.00609378
0.82	0.78	0.00412805
0.82	0.81	0.00263961
0.82	0.84	0.00156979
0.82	0.87	0.000851711
0.82	0.9	0.000411622
0.82	0.93	0.000170343
0.82	0.96	4.48272e-05
0.82	0.99	0.1
0.83	0	0.1
0.83	0.03	0.0969912
0.83	0.06	0.0939852
0.83	0.09	0.0909849
0.83	0.12	0.087993
0.83	0.15	0.0850125
0.83	0.18	0.082046
0.83	0.21	0.0790963
0.83	0.24	0.0761662
0.83	0.27	0.0732582
0.83	0.3	0.0703751
0.83	0.33	0.0675189
0.83	0.36	0.0646029
0.83	0.39	0.0614478
0.83	0.42	0.0579788
0.83	0.45	0.0540551
0.83	0.48	0.0493887
0.83	0.51	0.0431311
0.83	0.54	0.0365687
0.83	0.57	0.0305446
0.83	0.6	0.0250909
0.83	0.63	0.0202278
0.83	0.66	0.015964
0.83	0.69	0.0122957
0.83	0.72	0.00920752
0.83	0.75	0.00667251
0.83	0.78	0.00465264
0.83	0.81	0.00309973
0.83	0.84	0.00195641
0.83	0.87	0.00115727
0.83	0.9	0.000630157
0.83	0.93	0.000297592
0.83	0.96	7.83138e-05
0.83	0.99	0.1
0.84	0	0.1
0.84	0.03	0.0970223
0.84	0.06	0.0940474
0.84	0.09	0.0910781
0.84	0.12	0.088117
0.84	0.15	0.085167
0.84	0.18	0.0822307
0.84	0.21	0.0793108
0.84	0.24	0.07641
0.84	0.27	0.073531
0.84	0.3	0.0706761
0.84	0.33	0.0678485
0.84	0.36	0.064958
0.84	0.39	0.0618349
0.84	0.42	0.0583968
0.84	0.45	0.0545086
0.84	0.48	0.0498824
0.84	0.51	0.0436756
0.84	0.54	0.0371602
0.84	0.57	0.0311713
0.84	0.6	0.02574
0.84	0.63	0.0208862
0.84	0.66	0.0166185
0.84	0.69	0.0129332
0.84	0.72	0.00981541
0.84	0.75	0.00723867
0.84	0.78	0.00516587
0.84	0.81	0.00354992
0.84	0.84	0.00233471
0.84	0.87	0.00145627
0.84	0.9	0.000844005
0.84	0.93	0.000422116
0.84	0.96	0.000111083
0.84	0.99	0.1
0.85	0	0.1
0.85	0.03	0.0970528
0.85	0.06	0.0941083
0.85	0.09	0.0911692
0.85	0.12	0.0882382
0.85	0.15	0.085318
0.85	0.18	0.0824112
0.85	0.21	0.0795205
0.85	0.24	0.0766484
0.85	0.27	0.0737976
0.85	0.3	0.0709705
0.85	0.33	0.0681691
0.85	0.36	0.0653082
0.85	0.39	0.0622118
0.85	0.42	0.0588059
0.85	0.45	0.0549518
0.85	0.48	0.050365
0.85	0.51	0.044208
0.85	0.54	0.0377386
0.85	0.57	0.031784
0.85	0.6	0.0263746
0.85	0.63	0.0215301
0.85	0.66	0.0172586
0.85	0.69	0.0135568
0.85	0.72	0.01041
0.85	0.75	0.00779251
0.85	0.78	0.00566797
0.85	0.81	0.00399037
0.85	0.84	0.00270486
0.85	0.87	0.00174884
0.85	0.9	0.00105326
0.85	0.93	0.000543967
0.85	0.96	0.000143149
0.85	0.99	0.1
0.86	0	0.1
0.86	0.03	0.0970825
0.86	0.06	0.0941677
0.86	0.09	0.0912582
0.86	0.12	0.0883566
0.86	0.15	0.0854656
0.86	0.18	0.0825877
0.86	0.21	0.0797254
0.86	0.24	0.0768815
0.86	0.27	0.0740582
0.86	0.3	0.0712581
0.86	0.33	0.0684841
0.86	0.36	0.0656476
0.86	0.39	0.0625817
0.86	0.42	0.0592055
0.86	0.45	0.0553852
0.86	0.48	0.0508368
0.86	0.51	0.0447284
0.86	0.54	0.0383042
0.86	0.57	0.0323831
0.86	0.6	0.0269953
0.86	0.63	0.0221598
0.86	0.66	0.0178847
0.86	0.69	0.0141667
0.86	0.72	0.0109917
0.86	0.75	0.0083343
0.86	0.78	0.00615918
0.86	0.81	0.0044213
0.86	0.84	0.00306701
0.86	0.87	0.0020351
0.86	0.9	0.00125801
0.86	0.93	0.000663199
0.86	0.96	0.000174526
0.86	0.99	0.1
0.87	0	0.1
0.87	0.03	0.0971116
0.87	0.06	0.0942259
0.87	0.09	0.0913453
0.87	0.12	0.0884724
0.87	0.15	0.0856099
0.87	0.18	0.0827602
0.87	0.21	0.0799258
0.87	0.24	0.0771093
0.87	0.27	0.074313
0.87	0.3	0.0715395
0.87	0.33	0.0687905
0.87	0.36	0.0659822
0.87	0.39	0.062942
0.87	0.42	0.0595965
0.87	0.45	0.0558088
0.87	0.48	0.0512981
0.87	0.51	0.0452373
0.87	0.54	0.0388571
0.87	0.57	0.032969
0.87	0.6	0.0276022
0.87	0.63	0.0227756
0.87	0.66	0.018497
0.87	0.69	0.0147633
0.87	0.72	0.0115606
0.87	0.75	0.0088643
0.87	0.78	0.00663973
0.87	0.81	0.00484289
0.87	0.84	0.00342133
0.87	0.87	0.00231518
0.87	0.9	0.00145835
0.87	0.93	0.000779863
0.87	0.96	0.000205227
0.87	0.99	0.1
0.88	0	0.1
0.88	0.03	0.0971401
0.88	0.06	0.0942827
0.88	0.09	0.0914304
0.88	0.12	0.0885856
0.88	0.15	0.0857509
0.88	0.18	0.0829288
0.88	0.21	0.0801217
0.88	0.24	0.077332
0.88	0.27	0.0745621
0.88	0.3	0.0718143
0.88	0.33	0.0690915
0.88	0.36	0.0663067
0.88	0.39	0.0632955
0.88	0.42	0.0599784
0.88	0.45	0.056223
0.88	0.48	0.0517491
0.88	0.51	0.0457348
0.88	0.54	0.0393978
0.88	0.57	0.0335418
0.88	0.6	0.0281957
0.88	0.63	0.0233778
0.88	0.66	0.0190958
0.88	0.69	0.0153468
0.88	0.72	0.0121171
0.88	0.75	0.00938274
0.88	0.78	0.00710982
0.88	0.81	0.00525534
0.88	0.84	0.00376799
0.88	0.87	0.00258921
0.88	0.9	0.00165437
0.88	0.93	0.000894011
0.88	0.96	0.000235266
0.88	0.99	0.1
0.89	0	0.1
0.89	0.03	0.0971679
0.89	0.06	0.0943383
0.89	0.09	0.0915136
0.89	0.12	0.0886963
0.89	0.15	0.0858888
0.89	0.18	0.0830937
0.89	0.21	0.0803132
0.89	0.24	0.0775497
0.89	0.27	0.0748056
0.89	0.3	0.0720832
0.89	0.33	0.0693844
0.89	0.36	0.0666264
0.89	0.39	0.0636399
0.89	0.42	0.0603521
0.89	0.45	0.056628
0.89	0.48	0.05219
0.89	0.51	0.0462213
0.89	0.54	0.0399264
0.89	0.57	0.034102
0.89	0.6	0.0287761
0.89	0.63	0.0239667
0.89	0.66	0.0196815
0.89	0.69	0.0159175
0.89	0.72	0.0126614
0.89	0.75	0.00988987
0.89	0.78	0.00756969
0.89	0.81	0.00565883
0.89	0.84	0.00410713
0.89	0.87	0.00285731
0.89	0.9	0.00184615
0.89	0.93	0.00100569
0.89	0.96	0.000264656
0.89	0.99	0.1
0.9	0	0.1
0.9	0.03	0.0971951
0.9	0.06	0.0943926
0.9	0.09	0.0915949
0.9	0.12	0.0888045
0.9	0.15	0.0860237
0.9	0.18	0.0832548
0.9	0.21	0.0805004
0.9	0.24	0.0777626
0.9	0.27	0.0750437
0.9	0.3	0.072346
0.9	0.33	0.069672
0.9	0.36	0.0669366
0.9	0.39	0.0639778
0.9	0.42	0.0607171
0.9	0.45	0.057024
0.9	0.48	0.0526212
0.9	0.51	0.0466969
0.9	0.54	0.0404433
0.9	0.57	0.0346498
0.9	0.6	0.0293437
0.9	0.63	0.0245427
0.9	0.66	0.0202543
0.9	0.69	0.0164757
0.9	0.72	0.0131939
0.9	0.75	0.0103859
0.9	0.78	0.00801954
0.9	0.81	0.00605356
0.9	0.84	0.00443892
0.9	0.87	0.00311961
0.9	0.9	0.00203378
0.9	0.93	0.00111496
0.9	0.96	0.000293411
0.9	0.99	0.1
0.91	0	0.1
0.91	0.03	0.0972217
0.91	0.06	0.0944457
0.91	0.09	0.0916744
0.91	0.12	0.0889102
0.91	0.15	0.0861555
0.91	0.18	0.0834124
0.91	0.21	0.0806834
0.91	0.24	0.0779707
0.91	0.27	0.0752764
0.91	0.3	0.072603
0.91	0.33	0.069952
0.91	0.36	0.0672422
0.91	0.39	0.064307
0.91	0.42	0.0610744
0.91	0.45	0.0574111
0.91	0.48	0.0530427
0.91	0.51	0.047162
0.91	0.54	0.0409488
0.91	0.57	0.0351854
0.91	0.6	0.0298987
0.91	0.63	0.025106
0.91	0.66	0.0208145
0.91	0.69	0.0170216
0.91	0.72	0.0137146
0.91	0.75	0.0108712
0.91	0.78	0.00845959
0.91	0.81	0.00643969
0.91	0.84	0.0047635
0.91	0.87	0.00337621
0.91	0.9	0.00221734
0.91	0.93	0.00122186
0.91	0.96	0.000321543
0.91	0.99	0.1
0.92	0	0.1
0.92	0.03	0.0972476
0.92	0.06	0.0944976
0.92	0.09	0.0917521
0.92	0.12	0.0890136
0.92	0.15	0.0862843
0.92	0.18	0.0835665
0.92	0.21	0.0808623
0.92	0.24	0.0781741
0.92	0.27	0.075504
0.92	0.3	0.0728541
0.92	0.33	0.0702269
0.92	0.36	0.0675387
0.92	0.39	0.06463
0.92	0.42	0.0614234
0.92	0.45	0.0577896
0.92	0.48	0.0534549
0.92	0.51	0.0476167
0.92	0.54	0.041443
0.92	0.57	0.0357092
0.92	0.6	0.0304415
0.92	0.63	0.0256568
0.92	0.66	0.0213624
0.92	0.69	0.0175556
0.92	0.72	0.014224
0.92	0.75	0.0113458
0.92	0.78	0.00889005
0.92	0.81	0.00681743
0.92	0.84	0.00508102
0.92	0.87	0.00362725
0.92	0.9	0.00239692
0.92	0.93	0.00132645
0.92	0.96	0.000349065
0.92	0.99	0.1
0.93	0	0.1
0.93	0.03	0.097273
0.93	0.06	0.0945483
0.93	0.09	0.0918282
0.93	0.12	0.0891147
0.93	0.15	0.0864103
0.93	0.18	0.0837171
0.93	0.21	0.0810373
0.93	0.24	0.0783731
0.93	0.27	0.0757265
0.93	0.3	0.0730998
0.93	0.33	0.0704946
0.93	0.36	0.0678308
0.93	0.39	0.0649447
0.93	0.42	0.0617649
0.93	0.45	0.0581597
0.93	0.48	0.0538579
0.93	0.51	0.0480614
0.93	0.54	0.0419263
0.93	0.57	0.0362214
0.93	0.6	0.0309723
0.93	0.63	0.0261955
0.93	0.66	0.0218982
0.93	0.69	0.0180778
0.93	0.72	0.0147222
0.93	0.75	0.0118101
0.93	0.78	0.00931111
0.93	0.81	0.00718693
0.93	0.84	0.00539164
0.93	0.87	0.00387282
0.93	0.9	0.0025726
0.93	0.93	0.00142876
0.93	0.96	0.00037599
0.93	0.99	0.1
0.94	0	0.1
0.94	0.03	0.0972979
0.94	0.06	0.094598
0.94	0.09	0.0919025
0.94	0.12	0.0892136
0.94	0.15	0.0865335
0.94	0.18	0.0838644
0.94	0.21	0.0812084
0.94	0.24	0.0785676
0.94	0.27	0.0759441
0.94	0.3	0.0733399
0.94	0.33	0.0707574
0.94	0.36	0.0681144
0.94	0.39	0.0652534
0.94	0.42	0.0620985
0.94	0.45	0.0585216
0.94	0.48	0.054252
0.94	0.51	0.0484962
0.94	0.54	0.0423989
0.94	0.57	0.0367223
0.94	0.6	0.0314913
0.94	0.63	0.0267224
0.94	0.66	0.0224223
0.94	0.69	0.0185886
0.94	0.72	0.0152095
0.94	0.75	0.0122642
0.94	0.78	0.00972298
0.94	0.81	0.00754838
0.94	0.84	0.00569549
0.94	0.87	0.00411306
0.94	0.9	0.00274447
0.94	0.93	0.00152885
0.94	0.96	0.00040233
0.94	0.99	0.1
0.95	0	0.1
0.95	0.03	0.0973222
0.95	0.06	0.0946465
0.95	0.09	0.0919751
0.95	0.12	0.0893102
0.95	0.15	0.0866539
0.95	0.18	0.0840084
0.95	0.21	0.0813756
0.95	0.24	0.0787577
0.95	0.27	0.0761568
0.95	0.3	0.0735748
0.95	0.33	0.0710134
0.95	0.36	0.0683936
0.95	0.39	0.0655544
0.95	0.42	0.062425
0.95	0.45	0.0588754
0.95	0.48	0.0546373
0.95	0.51	0.0489214
0.95	0.54	0.0428611
0.95	0.57	0.0372121
0.95	0.6	0.031999
0.95	0.63	0.0272376
0.95	0.66	0.0229348
0.95	0.69	0.0190882
0.95	0.72	0.0156862
0.95	0.75	0.0127083
0.95	0.78	0.0101258
0.95	0.81	0.00790194
0.95	0.84	0.00599272
0.95	0.87	0.00434807
0.95	0.9	0.00291259
0.95	0.93	0.00162677
0.95	0.96	0.000428097
0.95	0.99	0.1
0.96	0	0.1
0.96	0.03	0.0973459
0.96	0.06	0.0946939
0.96	0.09	0.0920462
0.96	0.12	0.0894047
0.96	0.15	0.0867717
0.96	0.18	0.0841492
0.96	0.21	0.0815391
0.96	0.24	0.0789437
0.96	0.27	0.0763648
0.96	0.3	0.0738043
0.96	0.33	0.0712646
0.96	0.36	0.0686647
0.96	0.39	0.0658495
0.96	0.42	0.062744
0.96	0.45	0.0592214
0.96	0.48	0.0550141
0.96	0.51	0.0493371
0.96	0.54	0.043313
0.96	0.57	0.0376911
0.96	0.6	0.0324954
0.96	0.63	0.0277415
0.96	0.66	0.0234361
0.96	0.69	0.0195768
0.96	0.72	0.0161523
0.96	0.75	0.0131428
0.96	0.78	0.0105199
0.96	0.81	0.00824778
0.96	0.84	0.00628347
0.96	0.87	0.00457796
0.96	0.9	0.00307706
0.96	0.93	0.00172255
0.96	0.96	0.000453303
0.96	0.99	0.1
0.97	0	0.1
0.97	0.03	0.0973691
0.97	0.06	0.0947403
0.97	0.09	0.0921156
0.97	0.12	0.0894971
0.97	0.15	0.0868869
0.97	0.18	0.0842868
0.97	0.21	0.081699
0.97	0.24	0.0791255
0.97	0.27	0.0765681
0.97	0.3	0.0740289
0.97	0.33	0.0715093
0.97	0.36	0.0689316
0.97	0.39	0.0661373
0.97	0.42	0.0630562
0.97	0.45	0.0595597
0.97	0.48	0.0553826
0.97	0.51	0.0497437
0.97	0.54	0.0437549
0.97	0.57	0.0381595
0.97	0.6	0.0329809
0.97	0.63	0.0282343
0.97	0.66	0.0239263
0.97	0.69	0.0200546
0.97	0.72	0.0166083
0.97	0.75	0.0135677
0.97	0.78	0.0109054
0.97	0.81	0.00858607
0.97	0.84	0.00656788
0.97	0.87	0.00480283
0.97	0.9	0.00323794
0.97	0.93	0.00181625
0.97	0.96	0.000477961
0.97	0.99	0.1
0.98	0	0.1
0.98	0.03	0.0973918
0.98	0.06	0.0947857
0.98	0.09	0.0921835
0.98	0.12	0.0895875
0.98	0.15	0.0869994
0.98	0.18	0.0844214
0.98	0.21	0.0818554
0.98	0.24	0.0793033
0.98	0.27	0.076767
0.98	0.3	0.0742483
0.98	0.33	0.0717495
0.98	0.36	0.0691909
0.98	0.39	0.0664195
0.98	0.42	0.0633612
0.98	0.45	0.0598906
0.98	0.48	0.0557428
0.98	0.51	0.0501412
0.98	0.54	0.0441871
0.98	0.57	0.0386175
0.98	0.6	0.0334556
0.98	0.63	0.0287162
0.98	0.66	0.0244058
0.98	0.69	0.020522
0.98	0.72	0.0170542
0.98	0.75	0.0139833
0.98	0.78	0.0112824
0.98	0.81	0.00891697
0.98	0.84	0.00684608
0.98	0.87	0.0050228
0.98	0.9	0.00339532
0.98	0.93	0.00190791
0.98	0.96	0.000502081
0.98	0.99	0.1
0.99	0	0.1
0.99	0.03	0.097414
0.99	0.06	0.09483
0.99	0.09	0.09225
0.99	0.12	0.0896758
0.99	0.15	0.0871095
0.99	0.18	0.084553
0.99	0.21	0.0820083
0.99	0.24	0.0794771
0.99	0.27	0.0769614
0.99	0.3	0.074463
0.99	0.33	0.0719835
0.99	0.36	0.069446
0.99	0.39	0.0666946
0.99	0.42	0.0636596
0.99	0.45	0.060214
0.99	0.48	0.0560951
0.99	0.51	0.05053
0.99	0.54	0.0446097
0.99	0.57	0.0390655
0.99	0.6	0.0339199
0.99	0.63	0.0291876
0.99	0.66	0.0248747
0.99	0.69	0.0209791
0.99	0.72	0.0174904
0.99	0.75	0.0143899
0.99	0.78	0.0116511
0.99	0.81	0.00924063
0.99	0.84	0.0071182
0.99	0.87	0.00523797
0.99	0.9	0.00354926
0.99	0.93	0.00199757
0.99	0.96	0.000525675
0.99	0.99	0.1
