0	0	0.1
0	0.03	0.0709
0	0.06	0.0436
0	0.09	0.0181
0	0.12	-0.0056
0	0.15	-0.0275
0	0.18	-0.0476
0	0.21	-0.0659
0	0.24	-0.0824
0	0.27	-0.0971
0	0.3	-0.11
0	0.33	-0.1211
0	0.36	-0.1304
0	0.39	-0.1379
0	0.42	-0.1436
0	0.45	-0.1475
0	0.48	-0.1496
0	0.51	-0.1499
0	0.54	-0.1484
0	0.57	-0.1451
0	0.6	-0.14
0	0.63	-0.1331
0	0.66	-0.1244
0	0.69	-0.1139
0	0.72	-0.1016
0	0.75	-0.0875
0	0.78	-0.0716
0	0.81	-0.0539
0	0.84	-0.0344
0	0.87	-0.0131
0	0.9	0.01
0	0.93	0.0349
0	0.96	0.0616
0	0.99	0.0901
0.01	0	0.1
0.01	0.03	0.0761076
0.01	0.06	0.0526839
0.01	0.09	0.0300778
0.01	0.12	0.00854961
0.01	0.15	-0.0117051
0.01	0.18	-0.0305382
0.01	0.21	-0.0478358
0.01	0.24	-0.0635076
0.01	0.27	-0.0774791
0.01	0.3	-0.0896847
0.01	0.33	-0.100062
0.01	0.36	-0.109116
0.01	0.39	-0.117591
0.01	0.42	-0.125325
0.01	0.45	-0.132189
0.01	0.48	-0.138132
0.01	0.51	-0.14353
0.01	0.54	-0.144652
0.01	0.57	-0.142401
0.01	0.6	-0.137721
0.01	0.63	-0.130991
0.01	0.66	-0.122361
0.01	0.69	-0.111898
0.01	0.72	-0.0996315
0.01	0.75	-0.0855938
0.01	0.78	-0.0698406
0.01	0.81	-0.0525039
0.01	0.84	-0.0339106
0.01	0.87	-0.014877
0.01	0.9	0.00255747
0.01	0.93	0.0132936
0.01	0.96	0.004584
0.01	0.99	0.1
0.02	0	0.1
0.02	0.03	0.0791169
0.02	0.06	0.0585047
0.02	0.09	0.0384163
0.02	0.12	0.0190784
0.02	0.15	0.000688106
0.02	0.18	-0.0165868
0.02	0.21	-0.0326061
0.02	0.24	-0.0472547
0.02	0.27	-0.0604406
0.02	0.3	-0.072093
0.02	0.33	-0.0821622
0.02	0.36	-0.091189
0.02	0.39	-0.100021
0.02	0.42	-0.108607
0.02	0.45	-0.116942
0.02	0.48	-0.1252
0.02	0.51	-0.134828
0.02	0.54	-0.139223
0.02	0.57	-0.138732
0.02	0.6	-0.134938
0.02	0.63	-0.128639
0.02	0.66	-0.120224
0.02	0.69	-0.109885
0.02	0.72	-0.0977353
0.02	0.75	-0.0838788
0.02	0.78	-0.0684788
0.02	0.81	-0.0518532
0.02	0.84	-0.034642
0.02	0.87	-0.0180889
0.02	0.9	-0.00442664
0.02	0.93	0.00294994
0.02	0.96	0.00101722
0.02	0.99	0.1
0.03	0	0.1
0.03	0.03	0.0813605
0.03	0.06	0.0629229
0.03	0.09	0.044883
0.03	0.12	0.0274251
0.03	0.15	0.0107184
0.03	0.18	-0.00508565
0.03	0.21	-0.0198545
0.03	0.24	-0.0334758
0.03	0.27	-0.045857
0.03	0.3	-0.0569256
0.03	0.33	-0.0666291
0.03	0.36	-0.0754932
0.03	0.39	-0.0843873
0.03	0.42	-0.0933366
0.03	0.45	-0.102453
0.03	0.48	-0.112168
0.03	0.51	-0.12504
0.03	0.54	-0.132579
0.03	0.57	-0.134139
0.03	0.6	-0.131565
0.03	0.63	-0.125957
0.03	0.66	-0.117934
0.03	0.69	-0.107849
0.03	0.72	-0.0959327
0.03	0.75	-0.0823937
0.03	0.78	-0.0675182
0.03	0.81	-0.051778
0.03	0.84	-0.0359702
0.03	0.87	-0.0213579
0.03	0.9	-0.00968766
0.03	0.93	-0.00275234
0.03	0.96	-0.000949084
0.03	0.99	0.1
0.04	0	0.1
0.04	0.03	0.0831744
0.04	0.06	0.066512
0.04	0.09	0.0501727
0.04	0.12	0.0343094
0.04	0.15	0.0190657
0.04	0.18	0.00457324
0.04	0.21	-0.0090499
0.04	0.24	-0.0217006
0.04	0.27	-0.0332916
0.04	0.3	-0.0437516
0.04	0.33	-0.053026
0.04	0.36	-0.0616174
0.04	0.39	-0.0703933
0.04	0.42	-0.0794339
0.04	0.45	-0.0889474
0.04	0.48	-0.0995879
0.04	0.51	-0.114886
0.04	0.54	-0.125176
0.04	0.57	-0.128804
0.04	0.6	-0.12763
0.04	0.63	-0.122913
0.04	0.66	-0.115457
0.04	0.69	-0.105772
0.04	0.72	-0.0942172
0.04	0.75	-0.0811184
0.04	0.78	-0.0668719
0.04	0.81	-0.0520438
0.04	0.84	-0.0374549
0.04	0.87	-0.0242023
0.04	0.9	-0.0135096
0.04	0.93	-0.0062566
0.04	0.96	-0.00215745
0.04	0.99	0.1
0.05	0	0.1
0.05	0.03	0.0846946
0.05	0.06	0.069526
0.05	0.09	0.0546286
0.05	0.12	0.0401323
0.05	0.15	0.02616
0.05	0.18	0.0128262
0.05	0.21	0.000235197
0.05	0.24	-0.0115202
0.05	0.27	-0.0223593
0.05	0.3	-0.0322145
0.05	0.33	-0.0410313
0.05	0.36	-0.0492889
0.05	0.39	-0.0578409
0.05	0.42	-0.06681
0.05	0.45	-0.0764816
0.05	0.48	-0.0876926
0.05	0.51	-0.104774
0.05	0.54	-0.117368
0.05	0.57	-0.122933
0.05	0.6	-0.123215
0.05	0.63	-0.119524
0.05	0.66	-0.112782
0.05	0.69	-0.103634
0.05	0.72	-0.0925614
0.05	0.75	-0.0799988
0.05	0.78	-0.0664284
0.05	0.81	-0.0524588
0.05	0.84	-0.0388626
0.05	0.87	-0.0265333
0.05	0.9	-0.0163019
0.05	0.93	-0.00858372
0.05	0.96	-0.0029599
0.05	0.99	0.1
0.06	0	0.1
0.06	0.03	0.0859959
0.06	0.06	0.0721088
0.06	0.09	0.0584542
0.06	0.12	0.045144
0.06	0.15	0.0322848
0.06	0.18	0.0199768
0.06	0.21	0.00831236
0.06	0.24	-0.00262513
0.06	0.27	-0.0127621
0.06	0.3	-0.0220352
0.06	0.33	-0.0303923
0.06	0.36	-0.0382893
0.06	0.39	-0.0465598
0.06	0.42	-0.0553596
0.06	0.45	-0.0650353
0.06	0.48	-0.0765701
0.06	0.51	-0.0949366
0.06	0.54	-0.109408
0.06	0.57	-0.116716
0.06	0.6	-0.118428
0.06	0.63	-0.115833
0.06	0.66	-0.109916
0.06	0.69	-0.101419
0.06	0.72	-0.0909293
0.06	0.75	-0.0789703
0.06	0.78	-0.0660858
0.06	0.81	-0.0528929
0.06	0.84	-0.0400908
0.06	0.87	-0.0283942
0.06	0.9	-0.0183723
0.06	0.93	-0.0102136
0.06	0.96	-0.00352194
0.06	0.99	0.1
0.07	0	0.1
0.07	0.03	0.0871261
0.07	0.06	0.0743539
0.07	0.09	0.0617837
0.07	0.12	0.0495132
0.07	0.15	0.0376359
0.07	0.18	0.0262403
0.07	0.21	0.0154083
0.07	0.24	0.00521498
0.07	0.27	-0.00427273
0.07	0.3	-0.0129964
0.07	0.33	-0.0209066
0.07	0.36	-0.0284375
0.07	0.39	-0.0363985
0.07	0.42	-0.0449716
0.07	0.45	-0.0545511
0.07	0.48	-0.0662354
0.07	0.51	-0.0855005
0.07	0.54	-0.101475
0.07	0.57	-0.110309
0.07	0.6	-0.113376
0.07	0.63	-0.111897
0.07	0.66	-0.106875
0.07	0.69	-0.0991163
0.07	0.72	-0.0892848
0.07	0.75	-0.0779734
0.07	0.78	-0.0657646
0.07	0.81	-0.0532669
0.07	0.84	-0.0411057
0.07	0.87	-0.0298578
0.07	0.9	-0.0199273
0.07	0.93	-0.0113963
0.07	0.96	-0.00392977
0.07	0.99	0.1
0.08	0	0.1
0.08	0.03	0.0881184
0.08	0.06	0.076326
0.08	0.09	0.0647112
0.08	0.12	0.0533598
0.08	0.15	0.0423546
0.08	0.18	0.0317741
0.08	0.21	0.0216917
0.08	0.24	0.0121747
0.08	0.27	0.00328419
0.08	0.3	-0.00492625
0.08	0.33	-0.0124104
0.08	0.36	-0.0195816
0.08	0.39	-0.0272235
0.08	0.42	-0.0355378
0.08	0.45	-0.0449562
0.08	0.48	-0.0566659
0.08	0.51	-0.076531
0.08	0.54	-0.093687
0.08	0.57	-0.103834
0.08	0.6	-0.108154
0.08	0.63	-0.107774
0.08	0.66	-0.103683
0.08	0.69	-0.0967193
0.08	0.72	-0.0875983
0.08	0.75	-0.0769594
0.08	0.78	-0.065408
0.08	0.81	-0.0535355
0.08	0.84	-0.0419048
0.08	0.87	-0.0309934
0.08	0.9	-0.0211039
0.08	0.93	-0.0122734
0.08	0.96	-0.0042322
0.08	0.99	0.1
0.09	0	0.1
0.09	0.03	0.0889968
0.09	0.06	0.0780727
0.09	0.09	0.0673058
0.09	0.12	0.0567725
0.09	0.15	0.0465462
0.09	0.18	0.0366973
0.09	0.21	0.0272914
0.09	0.24	0.0183894
0.09	0.27	0.0100468
0.09	0.3	0.00231283
0.09	0.33	-0.00476963
0.09	0.36	-0.0115944
0.09	0.39	-0.0189182
0.09	0.42	-0.0269581
0.09	0.45	-0.0361737
0.09	0.48	-0.0478203
0.09	0.51	-0.0680546
0.09	0.54	-0.0861234
0.09	0.57	-0.0973849
0.09	0.6	-0.102842
0.09	0.63	-0.103519
0.09	0.66	-0.100366
0.09	0.69	-0.0942281
0.09	0.72	-0.0858481
0.09	0.75	-0.0758929
0.09	0.78	-0.0649777
0.09	0.81	-0.0536754
0.09	0.84	-0.0424991
0.09	0.87	-0.0318575
0.09	0.9	-0.0219936
0.09	0.93	-0.0129305
0.09	0.96	-0.00445879
0.09	0.99	0.1
0.1	0	0.1
0.1	0.03	0.0897798
0.1	0.06	0.07963
0.1	0.09	0.0696203
0.1	0.12	0.059819
0.1	0.15	0.0502919
0.1	0.18	0.0411019
0.1	0.21	0.0323082
0.1	0.24	0.0239662
0.1	0.27	0.016126
0.1	0.3	0.0088329
0.1	0.33	0.00212664
0.1	0.36	-0.00436813
0.1	0.39	-0.0113813
0.1	0.42	-0.0191414
0.1	0.45	-0.028129
0.1	0.48	-0.0396494
0.1	0.51	-0.0600747
0.1	0.54	-0.0788328
0.1	0.57	-0.0910295
0.1	0.6	-0.0975063
0.1	0.63	-0.0991808
0.1	0.66	-0.0969509
0.1	0.69	-0.0916473
0.1	0.72	-0.0840209
0.1	0.75	-0.07475
0.1	0.78	-0.0644505
0.1	0.81	-0.0536765
0.1	0.84	-0.0429036
0.1	0.87	-0.0324946
0.1	0.9	-0.0226591
0.1	0.93	-0.0134224
0.1	0.96	-0.00462841
0.1	0.99	0.1
0.11	0	0.1
0.11	0.03	0.0904813
0.11	0.06	0.0810258
0.11	0.09	0.0716958
0.11	0.12	0.0625527
0.11	0.15	0.0536556
0.11	0.18	0.0450612
0.11	0.21	0.0368232
0.11	0.24	0.0289915
0.11	0.27	0.021612
0.11	0.3	0.0147264
0.11	0.33	0.00837113
0.11	0.36	0.00218836
0.11	0.39	-0.0045254
0.11	0.42	-0.0120069
0.11	0.45	-0.0207519
0.11	0.48	-0.0321017
0.11	0.51	-0.0525804
0.11	0.54	-0.0718436
0.11	0.57	-0.0848165
0.11	0.6	-0.0921976
0.11	0.63	-0.094801
0.11	0.66	-0.0934626
0.11	0.69	-0.0889847
0.11	0.72	-0.0821105
0.11	0.75	-0.0735169
0.11	0.78	-0.0638135
0.11	0.81	-0.0535367
0.11	0.84	-0.0431341
0.11	0.87	-0.0329391
0.11	0.9	-0.023144
0.11	0.93	-0.0137854
0.11	0.96	-0.0047536
0.11	0.99	0.1
0.12	0	0.1
0.12	0.03	0.0911128
0.12	0.06	0.0822825
0.12	0.09	0.0735652
0.12	0.12	0.0650162
0.12	0.15	0.0566889
0.12	0.18	0.0486347
0.12	0.21	0.040902
0.12	0.24	0.0335364
0.12	0.27	0.0265799
0.12	0.3	0.0200705
0.12	0.33	0.014042
0.12	0.36	0.00815295
0.12	0.39	0.00172552
0.12	0.42	-0.00548276
0.12	0.45	-0.0139783
0.12	0.48	-0.0251267
0.12	0.51	-0.0455529
0.12	0.54	-0.0651695
0.12	0.57	-0.0787793
0.12	0.6	-0.0869556
0.12	0.63	-0.0904142
0.12	0.66	-0.0899246
0.12	0.69	-0.0862507
0.12	0.72	-0.0801163
0.12	0.75	-0.0721872
0.12	0.78	-0.0630614
0.12	0.81	-0.0532587
0.12	0.84	-0.0432059
0.12	0.87	-0.0332176
0.12	0.9	-0.02348
0.12	0.93	-0.0140448
0.12	0.96	-0.00484304
0.12	0.99	0.1
0.13	0	0.1
0.13	0.03	0.0916835
0.13	0.06	0.0834183
0.13	0.09	0.0752554
0.13	0.12	0.0672446
0.13	0.15	0.0594343
0.13	0.18	0.0518712
0.13	0.21	0.0445993
0.13	0.24	0.0376602
0.13	0.27	0.0310922
0.13	0.3	0.0249303
0.13	0.33	0.0192058
0.13	0.36	0.0135924
0.13	0.39	0.00743734
0.13	0.42	0.000494222
0.13	0.45	-0.00775013
0.13	0.48	-0.0186763
0.13	0.51	-0.0389687
0.13	0.54	-0.0588141
0.13	0.57	-0.0729397
0.13	0.6	-0.0818097
0.13	0.63	-0.0860484
0.13	0.66	-0.0863578
0.13	0.69	-0.0834571
0.13	0.72	-0.0780421
0.13	0.75	-0.0707604
0.13	0.78	-0.0621945
0.13	0.81	-0.0528483
0.13	0.84	-0.0431327
0.13	0.87	-0.0333513
0.13	0.9	-0.0236903
0.13	0.93	-0.0142185
0.13	0.96	-0.00490291
0.13	0.99	0.1
0.14	0	0.1
0.14	0.03	0.0922009
0.14	0.06	0.0844484
0.14	0.09	0.0767887
0.14	0.12	0.0692669
0.14	0.15	0.0619271
0.14	0.18	0.0548116
0.14	0.21	0.0479608
0.14	0.24	0.0414126
0.14	0.27	0.035202
0.14	0.3	0.0293613
0.14	0.33	0.0239195
0.14	0.36	0.0185644
0.14	0.39	0.0126675
0.14	0.42	0.00597993
0.14	0.45	-0.00201507
0.14	0.48	-0.0127057
0.14	0.51	-0.032802
0.14	0.54	-0.0527743
0.14	0.57	-0.0673108
0.14	0.6	-0.0767812
0.14	0.63	-0.081726
0.14	0.66	-0.0827807
0.14	0.69	-0.080616
0.14	0.72	-0.0758943
0.14	0.75	-0.0692397
0.14	0.78	-0.0612164
0.14	0.81	-0.0523129
0.14	0.84	-0.0429274
0.14	0.87	-0.0333573
0.14	0.9	-0.0237925
0.14	0.93	-0.0143196
0.14	0.96	-0.0049378
0.14	0.99	0.1
0.15	0	0.1
0.15	0.03	0.0926715
0.15	0.06	0.0853854
0.15	0.09	0.0781836
0.15	0.12	0.0711074
0.15	0.15	0.0641968
0.15	0.18	0.0574905
0.15	0.21	0.0510253
0.15	0.24	0.0448359
0.15	0.27	0.0389547
0.15	0.3	0.0334111
0.15	0.33	0.028232
0.15	0.36	0.023119
0.15	0.39	0.017466
0.15	0.42	0.0110237
0.15	0.45	0.0032737
0.15	0.48	-0.0071735
0.15	0.51	-0.0270266
0.15	0.54	-0.0470422
0.15	0.57	-0.061899
0.15	0.6	-0.0718851
0.15	0.63	-0.0774648
0.15	0.66	-0.0792093
0.15	0.69	-0.0777397
0.15	0.72	-0.0736813
0.15	0.75	-0.0676312
0.15	0.78	-0.0601334
0.15	0.81	-0.051661
0.15	0.84	-0.0426018
0.15	0.87	-0.0332496
0.15	0.9	-0.0238004
0.15	0.93	-0.0143583
0.15	0.96	-0.00495115
0.15	0.99	0.1
0.16	0	0.1
0.16	0.03	0.0931007
0.16	0.06	0.08624
0.16	0.09	0.0794562
0.16	0.12	0.072787
0.16	0.15	0.0662689
0.16	0.18	0.0599373
0.16	0.21	0.053826
0.16	0.24	0.0479667
0.16	0.27	0.0423891
0.16	0.3	0.0371207
0.16	0.33	0.0321861
0.16	0.36	0.0272995
0.16	0.39	0.021877
0.16	0.42	0.015669
0.16	0.45	0.00815811
0.16	0.48	-0.00204193
0.16	0.51	-0.0216165
0.16	0.54	-0.0416071
0.16	0.57	-0.056706
0.16	0.6	-0.0671314
0.16	0.63	-0.0732783
0.16	0.66	-0.0756574
0.16	0.69	-0.0748398
0.16	0.72	-0.0714123
0.16	0.75	-0.0659426
0.16	0.78	-0.0589532
0.16	0.81	-0.0509017
0.16	0.84	-0.0421667
0.16	0.87	-0.0330402
0.16	0.9	-0.0237252
0.16	0.93	-0.0143426
0.16	0.96	-0.00494571
0.16	0.99	0.1
0.17	0	0.1
0.17	0.03	0.093493
0.17	0.06	0.0870214
0.17	0.09	0.08062
0.17	0.12	0.0743234
0.17	0.15	0.0681651
0.17	0.18	0.0621774
0.17	0.21	0.0563913
0.17	0.24	0.0508361
0.17	0.27	0.0455392
0.17	0.3	0.0405257
0.17	0.33	0.0358187
0.17	0.36	0.0311442
0.17	0.39	0.025939
0.17	0.42	0.0199545
0.17	0.45	0.0126757
0.17	0.48	0.00272352
0.17	0.51	-0.0165464
0.17	0.54	-0.0364562
0.17	0.57	-0.0517302
0.17	0.6	-0.062526
0.17	0.63	-0.0691769
0.17	0.66	-0.0721365
0.17	0.69	-0.0719273
0.17	0.72	-0.0690969
0.17	0.75	-0.0641826
0.17	0.78	-0.0576844
0.17	0.81	-0.0500442
0.17	0.84	-0.0416323
0.17	0.87	-0.0327395
0.17	0.9	-0.0235762
0.17	0.93	-0.0142787
0.17	0.96	-0.00492368
0.17	0.99	0.1
0.18	0	0.1
0.18	0.03	0.0938525
0.18	0.06	0.0877374
0.18	0.09	0.0816866
0.18	0.12	0.0757319
0.18	0.15	0.069904
0.18	0.18	0.0642326
0.18	0.21	0.0587461
0.18	0.24	0.0534715
0.18	0.27	0.0484342
0.18	0.3	0.0436574
0.18	0.33	0.0391624
0.18	0.36	0.0346864
0.18	0.39	0.0296861
0.18	0.42	0.0239145
0.18	0.45	0.01686
0.18	0.48	0.00715422
0.18	0.51	-0.0117924
0.18	0.54	-0.031576
0.18	0.57	-0.0469673
0.18	0.6	-0.058072
0.18	0.63	-0.0651681
0.18	0.66	-0.0686563
0.18	0.69	-0.0690123
0.18	0.72	-0.0667448
0.18	0.75	-0.0623604
0.18	0.78	-0.056336
0.18	0.81	-0.0490979
0.18	0.84	-0.0410083
0.18	0.87	-0.0323569
0.18	0.9	-0.0233612
0.18	0.93	-0.014172
0.18	0.96	-0.00488691
0.18	0.99	0.1
0.19	0	0.1
0.19	0.03	0.0941826
0.19	0.06	0.0883949
0.19	0.09	0.0826663
0.19	0.12	0.0770259
0.19	0.15	0.071502
0.19	0.18	0.0661219
0.19	0.21	0.0609119
0.19	0.24	0.0558968
0.19	0.27	0.0510999
0.19	0.3	0.046543
0.19	0.33	0.0422457
0.19	0.36	0.0379557
0.19	0.39	0.0331486
0.19	0.42	0.0275795
0.19	0.45	0.0207413
0.19	0.48	0.0112786
0.19	0.51	-0.0073317
0.19	0.54	-0.0269522
0.19	0.57	-0.0424114
0.19	0.6	-0.0537702
0.19	0.63	-0.0612573
0.19	0.66	-0.0652247
0.19	0.69	-0.0661038
0.19	0.72	-0.0643652
0.19	0.75	-0.060485
0.19	0.78	-0.054917
0.19	0.81	-0.0480719
0.19	0.84	-0.0403035
0.19	0.87	-0.0319007
0.19	0.9	-0.0230873
0.19	0.93	-0.0140273
0.19	0.96	-0.00483699
0.19	0.99	0.1
0.2	0	0.1
0.2	0.03	0.0944863
0.2	0.06	0.0889998
0.2	0.09	0.0835679
0.2	0.12	0.078217
0.2	0.15	0.0729734
0.2	0.18	0.0678622
0.2	0.21	0.0629076
0.2	0.24	0.0581327
0.2	0.27	0.053559
0.2	0.3	0.0492066
0.2	0.33	0.0450939
0.2	0.36	0.0409782
0.2	0.39	0.0363533
0.2	0.42	0.0309766
0.2	0.45	0.0243465
0.2	0.48	0.0151226
0.2	0.51	-0.00314311
0.2	0.54	-0.0225709
0.2	0.57	-0.0380554
0.2	0.6	-0.0496195
0.2	0.63	-0.0574481
0.2	0.66	-0.0618484
0.2	0.69	-0.0632099
0.2	0.72	-0.0619669
0.2	0.75	-0.0585655
0.2	0.78	-0.0534365
0.2	0.81	-0.0469751
0.2	0.84	-0.0395264
0.2	0.87	-0.0313784
0.2	0.9	-0.0227605
0.2	0.93	-0.0138484
0.2	0.96	-0.0047753
0.2	0.99	0.1
0.21	0	0.1
0.21	0.03	0.0947662
0.21	0.06	0.0895575
0.21	0.09	0.0843991
0.21	0.12	0.0793155
0.21	0.15	0.0743307
0.21	0.18	0.0694681
0.21	0.21	0.06475
0.21	0.24	0.0601977
0.21	0.27	0.0558313
0.21	0.3	0.0516694
0.21	0.33	0.0477291
0.21	0.36	0.0437771
0.21	0.39	0.0393239
0.21	0.42	0.0341301
0.21	0.45	0.0276999
0.21	0.48	0.0187096
0.21	0.51	0.000793165
0.21	0.54	-0.018418
0.21	0.57	-0.0338916
0.21	0.6	-0.0456178
0.21	0.63	-0.0537426
0.21	0.66	-0.0585323
0.21	0.69	-0.0603377
0.21	0.72	-0.059558
0.21	0.75	-0.0566104
0.21	0.78	-0.0519031
0.21	0.81	-0.0458158
0.21	0.84	-0.0386851
0.21	0.87	-0.0307973
0.21	0.9	-0.0223865
0.21	0.93	-0.013639
0.21	0.96	-0.0047031
0.21	0.99	0.1
0.22	0	0.1
0.22	0.03	0.0950247
0.22	0.06	0.0900726
0.22	0.09	0.0851668
0.22	0.12	0.0803302
0.22	0.15	0.0755849
0.22	0.18	0.0709525
0.22	0.21	0.0664537
0.22	0.24	0.0621082
0.22	0.27	0.0579346
0.22	0.3	0.0539503
0.22	0.33	0.0501714
0.22	0.36	0.0463729
0.22	0.39	0.0420818
0.22	0.42	0.0370617
0.22	0.45	0.0308233
0.22	0.48	0.0220607
0.22	0.51	0.00449551
0.22	0.54	-0.0144802
0.22	0.57	-0.029912
0.22	0.6	-0.041762
0.22	0.63	-0.0501417
0.22	0.66	-0.0552807
0.22	0.69	-0.0574933
0.22	0.72	-0.057146
0.22	0.75	-0.0546277
0.22	0.78	-0.0503251
0.22	0.81	-0.0446022
0.22	0.84	-0.0377871
0.22	0.87	-0.0301638
0.22	0.9	-0.0219704
0.22	0.93	-0.0134024
0.22	0.96	-0.00462152
0.22	0.99	0.1
0.23	0	0.1
0.23	0.03	0.0952637
0.23	0.06	0.090549
0.23	0.09	0.0858772
0.23	0.12	0.0812692
0.23	0.15	0.0767458
0.23	0.18	0.0723269
0.23	0.21	0.0680317
0.23	0.24	0.0638784
0.23	0.27	0.0598845
0.23	0.3	0.0560662
0.23	0.33	0.0524382
0.23	0.36	0.048784
0.23	0.39	0.044646
0.23	0.42	0.0397909
0.23	0.45	0.0337365
0.23	0.48	0.0251954
0.23	0.51	0.00798093
0.23	0.54	-0.0107446
0.23	0.57	-0.0261081
0.23	0.6	-0.0380481
0.23	0.63	-0.0466456
0.23	0.66	-0.0520967
0.23	0.69	-0.0546821
0.23	0.72	-0.0547374
0.23	0.75	-0.052625
0.23	0.78	-0.0487102
0.23	0.81	-0.0433419
0.23	0.84	-0.0368394
0.23	0.87	-0.0294841
0.23	0.9	-0.0215169
0.23	0.93	-0.0131416
0.23	0.96	-0.00453159
0.23	0.99	0.1
0.24	0	0.1
0.24	0.03	0.0954853
0.24	0.06	0.0909905
0.24	0.09	0.0865354
0.24	0.12	0.0821396
0.24	0.15	0.0778221
0.24	0.18	0.0736015
0.24	0.21	0.0694956
0.24	0.24	0.0655214
0.24	0.27	0.0616951
0.24	0.3	0.0580318
0.24	0.33	0.0545454
0.24	0.36	0.0510269
0.24	0.39	0.0470335
0.24	0.42	0.0423352
0.24	0.45	0.0364571
0.24	0.48	0.0281311
0.24	0.51	0.0112651
0.24	0.54	-0.00719889
0.24	0.57	-0.0224718
0.24	0.6	-0.034472
0.24	0.63	-0.0432536
0.24	0.66	-0.0489825
0.24	0.69	-0.0519085
0.24	0.72	-0.0523384
0.24	0.75	-0.0506092
0.24	0.78	-0.0470657
0.24	0.81	-0.0420421
0.24	0.84	-0.0358487
0.24	0.87	-0.0287637
0.24	0.9	-0.0210304
0.24	0.93	-0.0128594
0.24	0.96	-0.00443426
0.24	0.99	0.1
0.25	0	0.1
0.25	0.03	0.0956908
0.25	0.06	0.0914002
0.25	0.09	0.0871464
0.25	0.12	0.0829476
0.25	0.15	0.0788215
0.25	0.18	0.0747854
0.25	0.21	0.0708558
0.25	0.24	0.0670486
0.25	0.27	0.0633789
0.25	0.3	0.0598607
0.25	0.33	0.0565071
0.25	0.36	0.0531164
0.25	0.39	0.0492596
0.25	0.42	0.0447104
0.25	0.45	0.0390011
0.25	0.48	0.0308838
0.25	0.51	0.0143626
0.25	0.54	-0.00383145
0.25	0.57	-0.0189948
0.25	0.6	-0.031029
0.25	0.63	-0.0399645
0.25	0.66	-0.0459397
0.25	0.69	-0.0491765
0.25	0.72	-0.0499543
0.25	0.75	-0.0485865
0.25	0.78	-0.0453983
0.25	0.81	-0.0407095
0.25	0.84	-0.0348212
0.25	0.87	-0.0280082
0.25	0.9	-0.0205151
0.25	0.93	-0.0125583
0.25	0.96	-0.00433044
0.25	0.99	0.1
0.26	0	0.1
0.26	0.03	0.0958819
0.26	0.06	0.091781
0.26	0.09	0.0877143
0.26	0.12	0.0836988
0.26	0.15	0.0797509
0.26	0.18	0.0758866
0.26	0.21	0.0721214
0.26	0.24	0.0684702
0.26	0.27	0.0649469
0.26	0.3	0.0615647
0.26	0.33	0.0583358
0.26	0.36	0.0550656
0.26	0.39	0.0513381
0.26	0.42	0.0469307
0.26	0.45	0.0413832
0.26	0.48	0.0334678
0.26	0.51	0.0172868
0.26	0.54	-0.000631345
0.26	0.57	-0.0156694
0.26	0.6	-0.0277145
0.26	0.63	-0.0367765
0.26	0.66	-0.0429694
0.26	0.69	-0.046489
0.26	0.72	-0.0475899
0.26	0.75	-0.0465628
0.26	0.78	-0.0437143
0.26	0.81	-0.0393501
0.26	0.84	-0.0337626
0.26	0.87	-0.0272223
0.26	0.9	-0.0199747
0.26	0.93	-0.0122407
0.26	0.96	-0.00422094
0.26	0.99	0.1
0.27	0	0.1
0.27	0.03	0.0960597
0.27	0.06	0.0921354
0.27	0.09	0.0882431
0.27	0.12	0.0843983
0.27	0.15	0.0806164
0.27	0.18	0.0769125
0.27	0.21	0.0733009
0.27	0.24	0.0697954
0.27	0.27	0.0664092
0.27	0.3	0.0631546
0.27	0.33	0.0600431
0.27	0.36	0.0568864
0.27	0.39	0.0532813
0.27	0.42	0.0490088
0.27	0.45	0.0436162
0.27	0.48	0.0358963
0.27	0.51	0.0200499
0.27	0.54	0.00241171
0.27	0.57	-0.0124877
0.27	0.6	-0.0245236
0.27	0.63	-0.0336878
0.27	0.66	-0.0400721
0.27	0.69	-0.0438487
0.27	0.72	-0.0452492
0.27	0.75	-0.0445431
0.27	0.78	-0.0420192
0.27	0.81	-0.0379698
0.27	0.84	-0.0326782
0.27	0.87	-0.0264107
0.27	0.9	-0.0194127
0.27	0.93	-0.0119089
0.27	0.96	-0.00410652
0.27	0.99	0.1
0.28	0	0.1
0.28	0.03	0.0962255
0.28	0.06	0.0924659
0.28	0.09	0.088736
0.28	0.12	0.0850505
0.28	0.15	0.0814237
0.28	0.18	0.0778695
0.28	0.21	0.0744015
0.28	0.24	0.0710325
0.28	0.27	0.0677749
0.28	0.3	0.0646402
0.28	0.33	0.0616391
0.28	0.36	0.0585896
0.28	0.39	0.0551005
0.28	0.42	0.0509563
0.28	0.45	0.0457122
0.28	0.48	0.0381813
0.28	0.51	0.0226632
0.28	0.54	0.00530734
0.28	0.57	-0.0094425
0.28	0.6	-0.0214517
0.28	0.63	-0.030696
0.28	0.66	-0.0372478
0.28	0.69	-0.0412578
0.28	0.72	-0.0429359
0.28	0.75	-0.0425321
0.28	0.78	-0.0403184
0.28	0.81	-0.0365739
0.28	0.84	-0.0315731
0.28	0.87	-0.0255776
0.28	0.9	-0.0188324
0.28	0.93	-0.0115649
0.28	0.96	-0.00398791
0.28	0.99	0.1
0.29	0	0.1
0.29	0.03	0.0963802
0.29	0.06	0.0927743
0.29	0.09	0.0891962
0.29	0.12	0.0856595
0.29	0.15	0.0821776
0.29	0.18	0.0787635
0.29	0.21	0.07543
0.29	0.24	0.0721889
0.29	0.27	0.069052
0.29	0.3	0.06603
0.29	0.33	0.0631331
0.29	0.36	0.0601849
0.29	0.39	0.0568057
0.29	0.42	0.0527838
0.29	0.45	0.047682
0.29	0.48	0.0403337
0.29	0.51	0.0251373
0.29	0.54	0.00806454
0.29	0.57	-0.00652673
0.29	0.6	-0.0184938
0.29	0.63	-0.0277989
0.29	0.66	-0.0344964
0.29	0.69	-0.0387178
0.29	0.72	-0.0406531
0.29	0.75	-0.0405339
0.29	0.78	-0.0386164
0.29	0.81	-0.0351671
0.29	0.84	-0.0304517
0.29	0.87	-0.024727
0.29	0.9	-0.0182369
0.29	0.93	-0.0112107
0.29	0.96	-0.00386577
0.29	0.99	0.1
0.3	0	0.1
0.3	0.03	0.0965248
0.3	0.06	0.0930626
0.3	0.09	0.0896264
0.3	0.12	0.0862289
0.3	0.15	0.0828826
0.3	0.18	0.0795998
0.3	0.21	0.0763923
0.3	0.24	0.0732714
0.3	0.27	0.0702479
0.3	0.3	0.067332
0.3	0.33	0.0645333
0.3	0.36	0.061681
0.3	0.39	0.0584061
0.3	0.42	0.0545008
0.3	0.45	0.0495352
0.3	0.48	0.0423634
0.3	0.51	0.0274817
0.3	0.54	0.0106917
0.3	0.57	-0.00373373
0.3	0.6	-0.0156455
0.3	0.63	-0.0249938
0.3	0.66	-0.0318174
0.3	0.69	-0.03623
0.3	0.72	-0.0384035
0.3	0.75	-0.0385523
0.3	0.78	-0.0369175
0.3	0.81	-0.0337539
0.3	0.84	-0.0293183
0.3	0.87	-0.0238626
0.3	0.9	-0.0176289
0.3	0.93	-0.010848
0.3	0.96	-0.00374069
0.3	0.99	0.1
0.31	0	0.1
0.31	0.03	0.0966602
0.31	0.06	0.0933325
0.31	0.09	0.0900292
0.31	0.12	0.086762
0.31	0.15	0.0835429
0.31	0.18	0.0803832
0.31	0.21	0.077294
0.31	0.24	0.0742859
0.31	0.27	0.0713692
0.31	0.3	0.0685533
0.31	0.33	0.0658474
0.31	0.36	0.0630858
0.31	0.39	0.05991
0.31	0.42	0.0561158
0.31	0.45	0.0512809
0.31	0.48	0.0442795
0.31	0.51	0.0297051
0.31	0.54	0.0131967
0.31	0.57	-0.00105716
0.31	0.6	-0.0129021
0.31	0.63	-0.0222781
0.31	0.66	-0.02921
0.31	0.69	-0.0337952
0.31	0.72	-0.0361892
0.31	0.75	-0.0365903
0.31	0.78	-0.0352256
0.31	0.81	-0.0323382
0.31	0.84	-0.0281766
0.31	0.87	-0.0229876
0.31	0.9	-0.0170111
0.31	0.93	-0.0104785
0.31	0.96	-0.00361326
0.31	0.99	0.1
0.32	0	0.1
0.32	0.03	0.096787
0.32	0.06	0.0935855
0.32	0.09	0.0904067
0.32	0.12	0.0872618
0.32	0.15	0.084162
0.32	0.18	0.0811179
0.32	0.21	0.0781399
0.32	0.24	0.075238
0.32	0.27	0.0724218
0.32	0.3	0.0697004
0.32	0.33	0.0670822
0.32	0.36	0.0644065
0.32	0.39	0.0613249
0.32	0.42	0.0576367
0.32	0.45	0.0529272
0.32	0.48	0.0460904
0.32	0.51	0.0318158
0.32	0.54	0.0155868
0.32	0.57	0.00150897
0.32	0.6	-0.0102594
0.32	0.63	-0.0196493
0.32	0.66	-0.0266733
0.32	0.69	-0.0314142
0.32	0.72	-0.0340122
0.32	0.75	-0.0346508
0.32	0.78	-0.033544
0.32	0.81	-0.0309236
0.32	0.84	-0.0270302
0.32	0.87	-0.0221051
0.32	0.9	-0.0163857
0.32	0.93	-0.0101036
0.32	0.96	-0.00348399
0.32	0.99	0.1
0.33	0	0.1
0.33	0.03	0.0969061
0.33	0.06	0.0938228
0.33	0.09	0.090761
0.33	0.12	0.087731
0.33	0.15	0.0847432
0.33	0.18	0.0818078
0.33	0.21	0.0789344
0.33	0.24	0.0761326
0.33	0.27	0.0734112
0.33	0.3	0.070779
0.33	0.33	0.0682437
0.33	0.36	0.0656497
0.33	0.39	0.0626577
0.33	0.42	0.0590707
0.33	0.45	0.0544813
0.33	0.48	0.0478034
0.33	0.51	0.0338213
0.33	0.54	0.0178689
0.33	0.57	0.00397032
0.33	0.6	-0.00771304
0.33	0.63	-0.0171047
0.33	0.66	-0.0242061
0.33	0.69	-0.0290872
0.33	0.72	-0.031874
0.33	0.75	-0.0327363
0.33	0.78	-0.0318757
0.33	0.81	-0.0295135
0.33	0.84	-0.0258823
0.33	0.87	-0.0212179
0.33	0.9	-0.0157551
0.33	0.93	-0.00972471
0.33	0.96	-0.00335335
0.33	0.99	0.1
0.34	0	0.1
0.34	0.03	0.0970179
0.34	0.06	0.0940459
0.34	0.09	0.0910939
0.34	0.12	0.0881719
0.34	0.15	0.0852896
0.34	0.18	0.0824564
0.34	0.21	0.0796817
0.34	0.24	0.0769741
0.34	0.27	0.0743424
0.34	0.3	0.0717944
0.34	0.33	0.0693378
0.34	0.36	0.0668211
0.34	0.39	0.0639145
0.34	0.42	0.0604241
0.34	0.45	0.0559502
0.34	0.48	0.0494257
0.34	0.51	0.0357284
0.34	0.54	0.0200492
0.34	0.57	0.00633223
0.34	0.6	-0.005259
0.34	0.63	-0.0146416
0.34	0.66	-0.0218074
0.34	0.69	-0.0268144
0.34	0.72	-0.0297758
0.34	0.75	-0.0308489
0.34	0.78	-0.0302234
0.34	0.81	-0.0281108
0.34	0.84	-0.0247357
0.34	0.87	-0.0203286
0.34	0.9	-0.0151212
0.34	0.93	-0.00934317
0.34	0.96	-0.00322178
0.34	0.99	0.1
0.35	0	0.1
0.35	0.03	0.0971231
0.35	0.06	0.0942557
0.35	0.09	0.0914071
0.35	0.12	0.0885868
0.35	0.15	0.0858038
0.35	0.18	0.083067
0.35	0.21	0.0803852
0.35	0.24	0.0777668
0.35	0.27	0.0752197
0.35	0.3	0.0727515
0.35	0.33	0.0703695
0.35	0.36	0.0679264
0.35	0.39	0.065101
0.35	0.42	0.061703
0.35	0.45	0.0573398
0.35	0.48	0.0509635
0.35	0.51	0.0375435
0.35	0.54	0.0221336
0.35	0.57	0.00859974
0.35	0.6	-0.00289338
0.35	0.63	-0.0122575
0.35	0.66	-0.0194758
0.35	0.69	-0.0245957
0.35	0.72	-0.0277187
0.35	0.75	-0.0289904
0.35	0.78	-0.0285895
0.35	0.81	-0.026718
0.35	0.84	-0.0235929
0.35	0.87	-0.0194395
0.35	0.9	-0.0144857
0.35	0.93	-0.00896009
0.35	0.96	-0.00308969
0.35	0.99	0.1
0.36	0	0.1
0.36	0.03	0.0972222
0.36	0.06	0.0944533
0.36	0.09	0.0917022
0.36	0.12	0.0889776
0.36	0.15	0.0862883
0.36	0.18	0.0836425
0.36	0.21	0.0810485
0.36	0.24	0.0785142
0.36	0.27	0.0760472
0.36	0.3	0.0736547
0.36	0.33	0.0713434
0.36	0.36	0.0689703
0.36	0.39	0.0662223
0.36	0.42	0.0629128
0.36	0.45	0.0586559
0.36	0.48	0.0524227
0.36	0.51	0.0392724
0.36	0.54	0.0241277
0.36	0.57	0.0107776
0.36	0.6	-0.000612468
0.36	0.63	-0.00994969
0.36	0.66	-0.0172099
0.36	0.69	-0.0224309
0.36	0.72	-0.0257035
0.36	0.75	-0.0271624
0.36	0.78	-0.026976
0.36	0.81	-0.0253374
0.36	0.84	-0.0224564
0.36	0.87	-0.0185525
0.36	0.9	-0.0138504
0.36	0.93	-0.00857652
0.36	0.96	-0.00295742
0.36	0.99	0.1
0.37	0	0.1
0.37	0.03	0.0973156
0.37	0.06	0.0946396
0.37	0.09	0.0919804
0.37	0.12	0.0893463
0.37	0.15	0.0867453
0.37	0.18	0.0841854
0.37	0.21	0.0816744
0.37	0.24	0.0792198
0.37	0.27	0.0768286
0.37	0.3	0.0745078
0.37	0.33	0.0722638
0.37	0.36	0.0699573
0.37	0.39	0.0672833
0.37	0.42	0.0640584
0.37	0.45	0.0599036
0.37	0.48	0.0538085
0.37	0.51	0.0409207
0.37	0.54	0.0260365
0.37	0.57	0.0128702
0.37	0.6	0.00158731
0.37	0.63	-0.00771579
0.37	0.66	-0.0150084
0.37	0.69	-0.0203196
0.37	0.72	-0.0237306
0.37	0.75	-0.025366
0.37	0.78	-0.0253847
0.37	0.81	-0.0239712
0.37	0.84	-0.0213282
0.37	0.87	-0.0176697
0.37	0.9	-0.0132167
0.37	0.93	-0.00819342
0.37	0.96	-0.00282532
0.37	0.99	0.1
0.38	0	0.1
0.38	0.03	0.0974038
0.38	0.06	0.0948156
0.38	0.09	0.0922431
0.38	0.12	0.0896944
0.38	0.15	0.0871769
0.38	0.18	0.0846983
0.38	0.21	0.0822658
0.38	0.24	0.0798866
0.38	0.27	0.0775674
0.38	0.3	0.0753147
0.38	0.33	0.0731346
0.38	0.36	0.0708915
0.38	0.39	0.0682881
0.38	0.42	0.0651442
0.38	0.45	0.0610877
0.38	0.48	0.055126
0.38	0.51	0.0424932
0.38	0.54	0.0278648
0.38	0.57	0.0148818
0.38	0.6	0.00370935
0.38	0.63	-0.00555329
0.38	0.66	-0.0128697
0.38	0.69	-0.0182613
0.38	0.72	-0.0218004
0.38	0.75	-0.0236024
0.38	0.78	-0.0238172
0.38	0.81	-0.0226211
0.38	0.84	-0.0202101
0.38	0.87	-0.0167927
0.38	0.9	-0.012586
0.38	0.93	-0.00781163
0.38	0.96	-0.00269367
0.38	0.99	0.1
0.39	0	0.1
0.39	0.03	0.0974872
0.39	0.06	0.0949818
0.39	0.09	0.0924914
0.39	0.12	0.0900234
0.39	0.15	0.087585
0.39	0.18	0.0851833
0.39	0.21	0.0828252
0.39	0.24	0.0805175
0.39	0.27	0.0782665
0.39	0.3	0.0760785
0.39	0.33	0.0739593
0.39	0.36	0.0717767
0.39	0.39	0.0692407
0.39	0.42	0.0661744
0.39	0.45	0.0622123
0.39	0.48	0.0563795
0.39	0.51	0.0439946
0.39	0.54	0.029617
0.39	0.57	0.0168164
0.39	0.6	0.00575689
0.39	0.63	-0.00345982
0.39	0.66	-0.0107924
0.39	0.69	-0.0162554
0.39	0.72	-0.0199132
0.39	0.75	-0.0218724
0.39	0.78	-0.0222747
0.39	0.81	-0.0212888
0.39	0.84	-0.0191037
0.39	0.87	-0.0159229
0.39	0.9	-0.0119594
0.39	0.93	-0.00743194
0.39	0.96	-0.00256274
0.39	0.99	0.1
0.4	0	0.1
0.4	0.03	0.097566
0.4	0.06	0.0951391
0.4	0.09	0.0927263
0.4	0.12	0.0903347
0.4	0.15	0.0879711
0.4	0.18	0.0856423
0.4	0.21	0.0833548
0.4	0.24	0.081115
0.4	0.27	0.0789289
0.4	0.3	0.0768024
0.4	0.33	0.0747411
0.4	0.36	0.0726163
0.4	0.39	0.0701448
0.4	0.42	0.0671529
0.4	0.45	0.0632816
0.4	0.48	0.0575732
0.4	0.51	0.0454291
0.4	0.54	0.0312972
0.4	0.57	0.0186776
0.4	0.6	0.00773301
0.4	0.63	-0.00143305
0.4	0.66	-0.00877501
0.4	0.69	-0.0143013
0.4	0.72	-0.0180689
0.4	0.75	-0.0201768
0.4	0.78	-0.0207584
0.4	0.81	-0.0199755
0.4	0.84	-0.0180106
0.4	0.87	-0.0150618
0.4	0.9	-0.011338
0.4	0.93	-0.00705501
0.4	0.96	-0.00243276
0.4	0.99	0.1
0.41	0	0.1
0.41	0.03	0.0976407
0.41	0.06	0.0952881
0.41	0.09	0.0929488
0.41	0.12	0.0906297
0.41	0.15	0.088337
0.41	0.18	0.0860773
0.41	0.21	0.0838568
0.41	0.24	0.0816814
0.41	0.27	0.079557
0.41	0.3	0.0774891
0.41	0.33	0.075483
0.41	0.36	0.0734133
0.41	0.39	0.0710036
0.41	0.42	0.0680831
0.41	0.45	0.0642991
0.41	0.48	0.0587109
0.41	0.51	0.0468008
0.41	0.54	0.0329094
0.41	0.57	0.0204689
0.41	0.6	0.00964065
0.41	0.63	0.000529272
0.41	0.66	-0.00681602
0.41	0.69	-0.0123982
0.41	0.72	-0.0162676
0.41	0.75	-0.0185159
0.41	0.78	-0.0192693
0.41	0.81	-0.0186824
0.41	0.84	-0.0169319
0.41	0.87	-0.0142104
0.41	0.9	-0.0107228
0.41	0.93	-0.00668148
0.41	0.96	-0.00230396
0.41	0.99	0.1
0.42	0	0.1
0.42	0.03	0.0977115
0.42	0.06	0.0954293
0.42	0.09	0.0931598
0.42	0.12	0.0909093
0.42	0.15	0.088684
0.42	0.18	0.0864899
0.42	0.21	0.084333
0.42	0.24	0.0822189
0.42	0.27	0.0801532
0.42	0.3	0.0781411
0.42	0.33	0.0761878
0.42	0.36	0.0741708
0.42	0.39	0.0718201
0.42	0.42	0.0689681
0.42	0.45	0.0652682
0.42	0.48	0.0597962
0.42	0.51	0.0481132
0.42	0.54	0.034457
0.42	0.57	0.0221937
0.42	0.6	0.0114826
0.42	0.63	0.00242932
0.42	0.66	-0.00491394
0.42	0.69	-0.0105453
0.42	0.72	-0.0145091
0.42	0.75	-0.0168901
0.42	0.78	-0.017808
0.42	0.81	-0.0174106
0.42	0.84	-0.0158687
0.42	0.87	-0.0133699
0.42	0.9	-0.0101146
0.42	0.93	-0.00631187
0.42	0.96	-0.00217651
0.42	0.99	0.1
0.43	0	0.1
0.43	0.03	0.0977786
0.43	0.06	0.0955633
0.43	0.09	0.09336
0.43	0.12	0.0911748
0.43	0.15	0.0890134
0.43	0.18	0.0868817
0.43	0.21	0.0847852
0.43	0.24	0.0827295
0.43	0.27	0.0807197
0.43	0.3	0.0787609
0.43	0.33	0.0768578
0.43	0.36	0.0748912
0.43	0.39	0.0725971
0.43	0.42	0.0698109
0.43	0.45	0.066192
0.43	0.48	0.0608322
0.43	0.51	0.0493698
0.43	0.54	0.0359435
0.43	0.57	0.0238549
0.43	0.6	0.0132615
0.43	0.63	0.00426919
0.43	0.66	-0.00306727
0.43	0.69	-0.00874173
0.43	0.72	-0.012793
0.43	0.75	-0.0152997
0.43	0.78	-0.0163751
0.43	0.81	-0.0161609
0.43	0.84	-0.014822
0.43	0.87	-0.012541
0.43	0.9	-0.00951407
0.43	0.93	-0.00594666
0.43	0.96	-0.00205057
0.43	0.99	0.1
0.44	0	0.1
0.44	0.03	0.0978424
0.44	0.06	0.0956906
0.44	0.09	0.0935502
0.44	0.12	0.091427
0.44	0.15	0.0893264
0.44	0.18	0.087254
0.44	0.21	0.0852151
0.44	0.24	0.0832149
0.44	0.27	0.0812584
0.44	0.3	0.0793504
0.44	0.33	0.0774955
0.44	0.36	0.075577
0.44	0.39	0.0733372
0.44	0.42	0.0706142
0.44	0.45	0.0670733
0.44	0.48	0.061822
0.44	0.51	0.0505737
0.44	0.54	0.0373719
0.44	0.57	0.0254556
0.44	0.6	0.01498
0.44	0.63	0.00605094
0.44	0.66	-0.00127455
0.44	0.69	-0.00698658
0.44	0.72	-0.011119
0.44	0.75	-0.0137448
0.44	0.78	-0.0149712
0.44	0.81	-0.014934
0.44	0.84	-0.0137925
0.44	0.87	-0.0117246
0.44	0.9	-0.00892192
0.44	0.93	-0.00558628
0.44	0.96	-0.0019263
0.44	0.99	0.1
0.45	0	0.1
0.45	0.03	0.0979031
0.45	0.06	0.0958116
0.45	0.09	0.0937311
0.45	0.12	0.0916668
0.45	0.15	0.0896241
0.45	0.18	0.0876082
0.45	0.21	0.0856241
0.45	0.24	0.0836769
0.45	0.27	0.0817713
0.45	0.3	0.0799118
0.45	0.33	0.0781028
0.45	0.36	0.0762305
0.45	0.39	0.0740428
0.45	0.42	0.0713805
0.45	0.45	0.0679147
0.45	0.48	0.0627683
0.45	0.51	0.0517279
0.45	0.54	0.0387452
0.45	0.57	0.0269985
0.45	0.6	0.0166403
0.45	0.63	0.0077765
0.45	0.66	0.000465683
0.45	0.69	-0.00527893
0.45	0.72	-0.00948666
0.45	0.75	-0.0122253
0.45	0.78	-0.0135965
0.45	0.81	-0.0137304
0.45	0.84	-0.012781
0.45	0.87	-0.0109213
0.45	0.9	-0.00833867
0.45	0.93	-0.00523108
0.45	0.96	-0.00180382
0.45	0.99	0.1
0.46	0	0.1
0.46	0.03	0.0979608
0.46	0.06	0.0959268
0.46	0.09	0.0939032
0.46	0.12	0.091895
0.46	0.15	0.0899074
0.46	0.18	0.0879454
0.46	0.21	0.0860136
0.46	0.24	0.0841169
0.46	0.27	0.0822598
0.46	0.3	0.0804467
0.46	0.33	0.0786817
0.46	0.36	0.0768537
0.46	0.39	0.0747159
0.46	0.42	0.072112
0.46	0.45	0.0687187
0.46	0.48	0.0636737
0.46	0.51	0.052835
0.46	0.54	0.0400661
0.46	0.57	0.0284861
0.46	0.6	0.0182449
0.46	0.63	0.00944779
0.46	0.66	0.00215485
0.46	0.69	-0.00361784
0.46	0.72	-0.00789554
0.46	0.75	-0.0107412
0.46	0.78	-0.0122512
0.46	0.81	-0.0125505
0.46	0.84	-0.011788
0.46	0.87	-0.0101317
0.46	0.9	-0.00776479
0.46	0.93	-0.00488138
0.46	0.96	-0.00168323
0.46	0.99	0.1
0.47	0	0.1
0.47	0.03	0.0980158
0.47	0.06	0.0960365
0.47	0.09	0.0940671
0.47	0.12	0.0921125
0.47	0.15	0.0901774
0.47	0.18	0.0882667
0.47	0.21	0.0863848
0.47	0.24	0.0845364
0.47	0.27	0.0827257
0.47	0.3	0.0809569
0.47	0.33	0.0792341
0.47	0.36	0.0774484
0.47	0.39	0.0753586
0.47	0.42	0.0728109
0.47	0.45	0.0694875
0.47	0.48	0.0645405
0.47	0.51	0.0538975
0.47	0.54	0.0413372
0.47	0.57	0.0299209
0.47	0.6	0.0197958
0.47	0.63	0.0110666
0.47	0.66	0.00379437
0.47	0.69	-0.00200232
0.47	0.72	-0.00634505
0.47	0.75	-0.00929233
0.47	0.78	-0.0109356
0.47	0.81	-0.0113948
0.47	0.84	-0.0108139
0.47	0.87	-0.00935625
0.47	0.9	-0.00720069
0.47	0.93	-0.00453744
0.47	0.96	-0.00156463
0.47	0.99	0.1
0.48	0	0.1
0.48	0.03	0.0980682
0.48	0.06	0.0961411
0.48	0.09	0.0942234
0.48	0.12	0.0923198
0.48	0.15	0.0904349
0.48	0.18	0.0885731
0.48	0.21	0.0867389
0.48	0.24	0.0849366
0.48	0.27	0.0831702
0.48	0.3	0.0814439
0.48	0.33	0.0797614
0.48	0.36	0.0780165
0.48	0.39	0.0759728
0.48	0.42	0.0734791
0.48	0.45	0.0702231
0.48	0.48	0.0653709
0.48	0.51	0.0549179
0.48	0.54	0.0425608
0.48	0.57	0.0313051
0.48	0.6	0.0212952
0.48	0.63	0.0126347
0.48	0.66	0.00538561
0.48	0.69	-0.000431405
0.48	0.72	-0.0048346
0.48	0.75	-0.00787838
0.48	0.78	-0.00964961
0.48	0.81	-0.0102634
0.48	0.84	-0.00985904
0.48	0.87	-0.00859529
0.48	0.9	-0.00664668
0.48	0.93	-0.00419947
0.48	0.96	-0.00144809
0.48	0.99	0.1
0.49	0	0.1
0.49	0.03	0.0981182
0.49	0.06	0.0962409
0.49	0.09	0.0943726
0.49	0.12	0.0925177
0.49	0.15	0.0906806
0.49	0.18	0.0888656
0.49	0.21	0.0870769
0.49	0.24	0.0853186
0.49	0.27	0.0835948
0.49	0.3	0.0819091
0.49	0.33	0.0802654
0.49	0.36	0.0785595
0.49	0.39	0.07656
0.49	0.42	0.0741184
0.49	0.45	0.0709274
0.49	0.48	0.066167
0.49	0.51	0.0558982
0.49	0.54	0.0437393
0.49	0.57	0.032641
0.49	0.6	0.022745
0.49	0.63	0.0141539
0.49	0.66	0.00692994
0.49	0.69	0.00109591
0.49	0.72	-0.00336355
0.49	0.75	-0.00649907
0.49	0.78	-0.0083932
0.49	0.81	-0.00915657
0.49	0.84	-0.00892375
0.49	0.87	-0.00784916
0.49	0.9	-0.00610305
0.49	0.93	-0.00386768
0.49	0.96	-0.00133368
0.49	0.99	0.1
0.5	0	0.1
0.5	0.03	0.0981659
0.5	0.06	0.0963362
0.5	0.09	0.094515
0.5	0.12	0.0927066
0.5	0.15	0.0909152
0.5	0.18	0.0891449
0.5	0.21	0.0873998
0.5	0.24	0.0856838
0.5	0.27	0.0840006
0.5	0.3	0.0823539
0.5	0.33	0.0807472
0.5	0.36	0.0790788
0.5	0.39	0.077122
0.5	0.42	0.0747306
0.5	0.45	0.0716023
0.5	0.48	0.0669305
0.5	0.51	0.0568407
0.5	0.54	0.0448747
0.5	0.57	0.0339306
0.5	0.6	0.0241472
0.5	0.63	0.0156256
0.5	0.66	0.00842868
0.5	0.69	0.0025806
0.5	0.72	-0.00193125
0.5	0.75	-0.00515402
0.5	0.78	-0.00716626
0.5	0.81	-0.00807426
0.5	0.84	-0.00800818
0.5	0.87	-0.00711808
0.5	0.9	-0.00557001
0.5	0.93	-0.00354219
0.5	0.96	-0.00122145
0.5	0.99	0.1
0.51	0	0.1
0.51	0.03	0.0982115
0.51	0.06	0.0964272
0.51	0.09	0.094651
0.51	0.12	0.0928871
0.51	0.15	0.0911395
0.51	0.18	0.089412
0.51	0.21	0.0877085
0.51	0.24	0.0860329
0.51	0.27	0.0843887
0.51	0.3	0.0827794
0.51	0.33	0.0812083
0.51	0.36	0.079576
0.51	0.39	0.0776602
0.51	0.42	0.075317
0.51	0.45	0.0722493
0.51	0.48	0.0676633
0.51	0.51	0.057747
0.51	0.54	0.045969
0.51	0.57	0.0351759
0.51	0.6	0.0255034
0.51	0.63	0.0170516
0.51	0.66	0.00988314
0.51	0.69	0.00402369
0.51	0.72	-0.000536991
0.51	0.75	-0.00384284
0.51	0.78	-0.00596862
0.51	0.81	-0.00701652
0.51	0.84	-0.00711244
0.51	0.87	-0.00640222
0.51	0.9	-0.00504771
0.51	0.93	-0.00322314
0.51	0.96	-0.00111143
0.51	0.99	0.1
0.52	0	0.1
0.52	0.03	0.0982552
0.52	0.06	0.0965142
0.52	0.09	0.0947812
0.52	0.12	0.0930598
0.52	0.15	0.091354
0.52	0.18	0.0896675
0.52	0.21	0.0880039
0.52	0.24	0.086367
0.52	0.27	0.0847601
0.52	0.3	0.0831867
0.52	0.33	0.0816499
0.52	0.36	0.0800522
0.52	0.39	0.0781758
0.52	0.42	0.0758792
0.52	0.45	0.0728699
0.52	0.48	0.0683671
0.52	0.51	0.0586191
0.52	0.54	0.0470241
0.52	0.57	0.0363786
0.52	0.6	0.0268155
0.52	0.63	0.0184333
0.52	0.66	0.0112946
0.52	0.69	0.00542614
0.52	0.72	0.00081993
0.52	0.75	-0.00256505
0.52	0.78	-0.00480003
0.52	0.81	-0.00598328
0.52	0.84	-0.00623661
0.52	0.87	-0.00570169
0.52	0.9	-0.00453629
0.52	0.93	-0.00291061
0.52	0.96	-0.00100366
0.52	0.99	0.1
0.53	0	0.1
0.53	0.03	0.0982969
0.53	0.06	0.0965976
0.53	0.09	0.0949057
0.53	0.12	0.0932251
0.53	0.15	0.0915593
0.53	0.18	0.089912
0.53	0.21	0.0882867
0.53	0.24	0.0866869
0.53	0.27	0.0851159
0.53	0.3	0.0835768
0.53	0.33	0.0820729
0.53	0.36	0.0805086
0.53	0.39	0.0786702
0.53	0.42	0.0764185
0.53	0.45	0.0734657
0.53	0.48	0.0690432
0.53	0.51	0.0594586
0.53	0.54	0.0480416
0.53	0.57	0.0375405
0.53	0.6	0.028085
0.53	0.63	0.0197721
0.53	0.66	0.0126642
0.53	0.69	0.00678896
0.53	0.72	0.00214025
0.53	0.75	-0.00132018
0.53	0.78	-0.00366022
0.53	0.81	-0.00497442
0.53	0.84	-0.00538066
0.53	0.87	-0.00501655
0.53	0.9	-0.00403582
0.53	0.93	-0.00260467
0.53	0.96	-0.000898161
0.53	0.99	0.1
0.54	0	0.1
0.54	0.03	0.0983369
0.54	0.06	0.0966773
0.54	0.09	0.095025
0.54	0.12	0.0933833
0.54	0.15	0.0917559
0.54	0.18	0.0901463
0.54	0.21	0.0885577
0.54	0.24	0.0869934
0.54	0.27	0.0854568
0.54	0.3	0.0839509
0.54	0.33	0.0824786
0.54	0.36	0.0809462
0.54	0.39	0.0791445
0.54	0.42	0.0769361
0.54	0.45	0.0740379
0.54	0.48	0.0696932
0.54	0.51	0.060267
0.54	0.54	0.0490233
0.54	0.57	0.0386632
0.54	0.6	0.0293135
0.54	0.63	0.0210695
0.54	0.66	0.0139933
0.54	0.69	0.00811311
0.54	0.72	0.0034247
0.54	0.75	-0.000107695
0.54	0.78	-0.00254886
0.54	0.81	-0.00398979
0.54	0.84	-0.00454456
0.54	0.87	-0.00434683
0.54	0.9	-0.00354635
0.54	0.93	-0.00230534
0.54	0.96	-0.000794946
0.54	0.99	0.1
0.55	0	0.1
0.55	0.03	0.0983752
0.55	0.06	0.0967538
0.55	0.09	0.0951392
0.55	0.12	0.093535
0.55	0.15	0.0919444
0.55	0.18	0.0903708
0.55	0.21	0.0888174
0.55	0.24	0.0872873
0.55	0.27	0.0857837
0.55	0.3	0.0843096
0.55	0.33	0.0828677
0.55	0.36	0.0813663
0.55	0.39	0.0795997
0.55	0.42	0.0774332
0.55	0.45	0.0745877
0.55	0.48	0.0703183
0.55	0.51	0.0610458
0.55	0.54	0.0499707
0.55	0.57	0.0397483
0.55	0.6	0.0305026
0.55	0.63	0.0223269
0.55	0.66	0.0152829
0.55	0.69	0.00939957
0.55	0.72	0.00467405
0.55	0.75	0.00107295
0.55	0.78	-0.00146558
0.55	0.81	-0.00302917
0.55	0.84	-0.00372819
0.55	0.87	-0.00369249
0.55	0.9	-0.00306788
0.55	0.93	-0.00201266
0.55	0.96	-0.000694021
0.55	0.99	0.1
0.56	0	0.1
0.56	0.03	0.0984119
0.56	0.06	0.096827
0.56	0.09	0.0952488
0.56	0.12	0.0936804
0.56	0.15	0.0921252
0.56	0.18	0.0905861
0.56	0.21	0.0890665
0.56	0.24	0.0875693
0.56	0.27	0.0860975
0.56	0.3	0.0846539
0.56	0.33	0.0832412
0.56	0.36	0.0817695
0.56	0.39	0.080037
0.56	0.42	0.0779108
0.56	0.45	0.0751162
0.56	0.48	0.0709197
0.56	0.51	0.0617964
0.56	0.54	0.0508853
0.56	0.57	0.0407974
0.56	0.6	0.0316535
0.56	0.63	0.0235455
0.56	0.66	0.0165343
0.56	0.69	0.0106493
0.56	0.72	0.00588905
0.56	0.75	0.00222231
0.56	0.78	-0.00041001
0.56	0.81	-0.00209231
0.56	0.84	-0.00293144
0.56	0.87	-0.00305348
0.56	0.9	-0.00260041
0.56	0.93	-0.00172662
0.56	0.96	-0.000595385
0.56	0.99	0.1
0.57	0	0.1
0.57	0.03	0.0984471
0.57	0.06	0.0968973
0.57	0.09	0.0953539
0.57	0.12	0.09382
0.57	0.15	0.0922986
0.57	0.18	0.0907928
0.57	0.21	0.0893056
0.57	0.24	0.08784
0.57	0.27	0.0863986
0.57	0.3	0.0849845
0.57	0.33	0.0836
0.57	0.36	0.0821569
0.57	0.39	0.0804572
0.57	0.42	0.07837
0.57	0.45	0.0756246
0.57	0.48	0.0714987
0.57	0.51	0.06252
0.57	0.54	0.0517684
0.57	0.57	0.0418117
0.57	0.6	0.0327677
0.57	0.63	0.0247266
0.57	0.66	0.0177485
0.57	0.69	0.0118632
0.57	0.72	0.00707046
0.57	0.75	0.00334098
0.57	0.78	0.000618288
0.57	0.81	-0.00117893
0.57	0.84	-0.00215411
0.57	0.87	-0.0024297
0.57	0.9	-0.00214389
0.57	0.93	-0.0014472
0.57	0.96	-0.000499034
0.57	0.99	0.1
0.58	0	0.1
0.58	0.03	0.0984809
0.58	0.06	0.0969648
0.58	0.09	0.0954549
0.58	0.12	0.0939539
0.58	0.15	0.0924651
0.58	0.18	0.0909912
0.58	0.21	0.0895352
0.58	0.24	0.0880999
0.58	0.27	0.086688
0.58	0.3	0.0853021
0.58	0.33	0.0839448
0.58	0.36	0.0825293
0.58	0.39	0.0808612
0.58	0.42	0.0788116
0.58	0.45	0.0761138
0.58	0.48	0.0720562
0.58	0.51	0.0632179
0.58	0.54	0.0526214
0.58	0.57	0.0427926
0.58	0.6	0.0338465
0.58	0.63	0.0258715
0.58	0.66	0.0189267
0.58	0.69	0.0130423
0.58	0.72	0.00821905
0.58	0.75	0.00442955
0.58	0.78	0.00161975
0.58	0.81	-0.000288727
0.58	0.84	-0.00139602
0.58	0.87	-0.00182103
0.58	0.9	-0.00169824
0.58	0.93	-0.00117437
0.58	0.96	-0.000404955
0.58	0.99	0.1
0.59	0	0.1
0.59	0.03	0.0985134
0.59	0.06	0.0970297
0.59	0.09	0.0955518
0.59	0.12	0.0940826
0.59	0.15	0.0926251
0.59	0.18	0.0911819
0.59	0.21	0.0897559
0.59	0.24	0.0883497
0.59	0.27	0.086966
0.59	0.3	0.0856074
0.59	0.33	0.0842762
0.59	0.36	0.0828874
0.59	0.39	0.0812498
0.59	0.42	0.0792365
0.59	0.45	0.0765848
0.59	0.48	0.0725934
0.59	0.51	0.0638912
0.59	0.54	0.0534455
0.59	0.57	0.0437414
0.59	0.6	0.0348912
0.59	0.63	0.0269812
0.59	0.66	0.0200699
0.59	0.69	0.0141874
0.59	0.72	0.00933558
0.59	0.75	0.00548863
0.59	0.78	0.00259484
0.59	0.81	0.00057864
0.59	0.84	-0.000656933
0.59	0.87	-0.00122733
0.59	0.9	-0.00126339
0.59	0.93	-0.000908089
0.59	0.96	-0.000313134
0.59	0.99	0.1
0.6	0	0.1
0.6	0.03	0.0985446
0.6	0.06	0.0970919
0.6	0.09	0.0956449
0.6	0.12	0.0942063
0.6	0.15	0.0927788
0.6	0.18	0.0913651
0.6	0.21	0.089968
0.6	0.24	0.0885899
0.6	0.27	0.0872334
0.6	0.3	0.085901
0.6	0.33	0.084595
0.6	0.36	0.0832318
0.6	0.39	0.0816237
0.6	0.42	0.0796455
0.6	0.45	0.0770384
0.6	0.48	0.0731111
0.6	0.51	0.064541
0.6	0.54	0.0542418
0.6	0.57	0.0446593
0.6	0.6	0.0359028
0.6	0.63	0.0280569
0.6	0.66	0.021179
0.6	0.69	0.0152995
0.6	0.72	0.0104208
0.6	0.75	0.00651883
0.6	0.78	0.00354404
0.6	0.81	0.00142352
0.6	0.84	6.33994e-05
0.6	0.87	-0.000648424
0.6	0.9	-0.000839232
0.6	0.93	-0.000648298
0.6	0.96	-0.000223551
0.6	0.99	0.1
0.61	0	0.1
0.61	0.03	0.0985746
0.61	0.06	0.0971518
0.61	0.09	0.0957345
0.61	0.12	0.0943252
0.61	0.15	0.0929266
0.61	0.18	0.0915414
0.61	0.21	0.0901719
0.61	0.24	0.0888209
0.61	0.27	0.0874906
0.61	0.3	0.0861835
0.61	0.33	0.0849018
0.61	0.36	0.0835634
0.61	0.39	0.0819837
0.61	0.42	0.0800395
0.61	0.45	0.0774754
0.61	0.48	0.0736102
0.61	0.51	0.0651682
0.61	0.54	0.0550115
0.61	0.57	0.0455474
0.61	0.6	0.0368826
0.61	0.63	0.0290997
0.61	0.66	0.0222552
0.61	0.69	0.0163794
0.61	0.72	0.0114755
0.61	0.75	0.00752078
0.61	0.78	0.00446783
0.61	0.81	0.00224629
0.61	0.84	0.000765249
0.61	0.87	-8.41296e-05
0.61	0.9	-0.000425644
0.61	0.93	-0.000394929
0.61	0.96	-0.000136182
0.61	0.99	0.1
0.62	0	0.1
0.62	0.03	0.0986034
0.62	0.06	0.0972094
0.62	0.09	0.0958206
0.62	0.12	0.0944396
0.62	0.15	0.0930688
0.62	0.18	0.0917109
0.62	0.21	0.0903682
0.62	0.24	0.0890432
0.62	0.27	0.0877382
0.62	0.3	0.0864554
0.62	0.33	0.0851972
0.62	0.36	0.0838827
0.62	0.39	0.0823305
0.62	0.42	0.080419
0.62	0.45	0.0778967
0.62	0.48	0.0740916
0.62	0.51	0.0657739
0.62	0.54	0.0557555
0.62	0.57	0.0464068
0.62	0.6	0.0378317
0.62	0.63	0.0301106
0.62	0.66	0.0232994
0.62	0.69	0.017428
0.62	0.72	0.0125004
0.62	0.75	0.0084951
0.62	0.78	0.00536672
0.62	0.81	0.00304734
0.62	0.84	0.0014489
0.62	0.87	0.000465757
0.62	0.9	-2.24933e-05
0.62	0.93	-0.000147908
0.62	0.96	-5.10026e-05
0.62	0.99	0.1
0.63	0	0.1
0.63	0.03	0.0986312
0.63	0.06	0.0972649
0.63	0.09	0.0959036
0.63	0.12	0.0945497
0.63	0.15	0.0932057
0.63	0.18	0.0918741
0.63	0.21	0.0905572
0.63	0.24	0.0892572
0.63	0.27	0.0879765
0.63	0.3	0.0867173
0.63	0.33	0.0854816
0.63	0.36	0.0841902
0.63	0.39	0.0826646
0.63	0.42	0.0807848
0.63	0.45	0.0783028
0.63	0.48	0.074556
0.63	0.51	0.0663589
0.63	0.54	0.056475
0.63	0.57	0.0472387
0.63	0.6	0.038751
0.63	0.63	0.0310907
0.63	0.66	0.0243126
0.63	0.69	0.0184462
0.63	0.72	0.0134962
0.63	0.75	0.00944241
0.63	0.78	0.00624122
0.63	0.81	0.00382706
0.63	0.84	0.00211467
0.63	0.87	0.00100145
0.63	0.9	0.000370365
0.63	0.93	9.28501e-05
0.63	0.96	3.20173e-05
0.63	0.99	0.1
0.64	0	0.1
0.64	0.03	0.0986579
0.64	0.06	0.0973182
0.64	0.09	0.0959834
0.64	0.12	0.0946557
0.64	0.15	0.0933375
0.64	0.18	0.0920313
0.64	0.21	0.0907391
0.64	0.24	0.0894634
0.64	0.27	0.0882061
0.64	0.3	0.0869696
0.64	0.33	0.0857558
0.64	0.36	0.0844866
0.64	0.39	0.0829866
0.64	0.42	0.0811375
0.64	0.45	0.0786945
0.64	0.48	0.0750042
0.64	0.51	0.066924
0.64	0.54	0.0571708
0.64	0.57	0.0480439
0.64	0.6	0.0396416
0.64	0.63	0.032041
0.64	0.66	0.0252955
0.64	0.69	0.0194348
0.64	0.72	0.0144637
0.64	0.75	0.0103633
0.64	0.78	0.00709183
0.64	0.81	0.00458587
0.64	0.84	0.00276285
0.64	0.87	0.00152319
0.64	0.9	0.000753086
0.64	0.93	0.000327434
0.64	0.96	0.000112908
0.64	0.99	0.1
0.65	0	0.1
0.65	0.03	0.0986837
0.65	0.06	0.0973696
0.65	0.09	0.0960603
0.65	0.12	0.0947578
0.65	0.15	0.0934645
0.65	0.18	0.0921827
0.65	0.21	0.0909144
0.65	0.24	0.089662
0.65	0.27	0.0884274
0.65	0.3	0.0872127
0.65	0.33	0.08602
0.65	0.36	0.0847723
0.65	0.39	0.0832971
0.65	0.42	0.0814777
0.65	0.45	0.0790725
0.65	0.48	0.0754368
0.65	0.51	0.0674701
0.65	0.54	0.0578439
0.65	0.57	0.0488234
0.65	0.6	0.0405046
0.65	0.63	0.0329623
0.65	0.66	0.0262492
0.65	0.69	0.0203945
0.65	0.72	0.0154036
0.65	0.75	0.0112585
0.65	0.78	0.00791908
0.65	0.81	0.00532419
0.65	0.84	0.00339378
0.65	0.87	0.0020312
0.65	0.9	0.00112583
0.65	0.93	0.000555941
0.65	0.96	0.000191704
0.65	0.99	0.1
0.66	0	0.1
0.66	0.03	0.0987085
0.66	0.06	0.0974192
0.66	0.09	0.0961343
0.66	0.12	0.0948562
0.66	0.15	0.0935869
0.66	0.18	0.0923286
0.66	0.21	0.0910834
0.66	0.24	0.0898534
0.66	0.27	0.0886407
0.66	0.3	0.0874471
0.66	0.33	0.0862747
0.66	0.36	0.0850479
0.66	0.39	0.0835966
0.66	0.42	0.0818058
0.66	0.45	0.0794373
0.66	0.48	0.0758546
0.66	0.51	0.067998
0.66	0.54	0.0584951
0.66	0.57	0.0495782
0.66	0.6	0.0413407
0.66	0.63	0.0338556
0.66	0.66	0.0271745
0.66	0.69	0.0213263
0.66	0.72	0.0163165
0.66	0.75	0.0121285
0.66	0.78	0.00872348
0.66	0.81	0.00604242
0.66	0.84	0.00400778
0.66	0.87	0.00252574
0.66	0.9	0.00148878
0.66	0.93	0.00077847
0.66	0.96	0.000268438
0.66	0.99	0.1
0.67	0	0.1
0.67	0.03	0.0987324
0.67	0.06	0.0974669
0.67	0.09	0.0962058
0.67	0.12	0.094951
0.67	0.15	0.0937048
0.67	0.18	0.0924692
0.67	0.21	0.0912463
0.67	0.24	0.090038
0.67	0.27	0.0888464
0.67	0.3	0.0876732
0.67	0.33	0.0865204
0.67	0.36	0.0853137
0.67	0.39	0.0838856
0.67	0.42	0.0821226
0.67	0.45	0.0797894
0.67	0.48	0.0762581
0.67	0.51	0.0685082
0.67	0.54	0.0591251
0.67	0.57	0.0503091
0.67	0.6	0.0421509
0.67	0.63	0.0347218
0.67	0.66	0.0280723
0.67	0.69	0.0222308
0.67	0.72	0.0172033
0.67	0.75	0.012974
0.67	0.78	0.00950556
0.67	0.81	0.00674101
0.67	0.84	0.0046052
0.67	0.87	0.00300705
0.67	0.9	0.0018421
0.67	0.93	0.000995126
0.67	0.96	0.000343147
0.67	0.99	0.1
0.68	0	0.1
0.68	0.03	0.0987554
0.68	0.06	0.097513
0.68	0.09	0.0962746
0.68	0.12	0.0950425
0.68	0.15	0.0938185
0.68	0.18	0.0926049
0.68	0.21	0.0914034
0.68	0.24	0.0902161
0.68	0.27	0.0890448
0.68	0.3	0.0878913
0.68	0.33	0.0867575
0.68	0.36	0.0855702
0.68	0.39	0.0841645
0.68	0.42	0.0824283
0.68	0.45	0.0801295
0.68	0.48	0.076648
0.68	0.51	0.0690016
0.68	0.54	0.0597349
0.68	0.57	0.0510169
0.68	0.6	0.042936
0.68	0.63	0.0355617
0.68	0.66	0.0289433
0.68	0.69	0.0231088
0.68	0.72	0.0180646
0.68	0.75	0.0137955
0.68	0.78	0.0102658
0.68	0.81	0.00742038
0.68	0.84	0.00518637
0.68	0.87	0.00347541
0.68	0.9	0.00218597
0.68	0.93	0.00120602
0.68	0.96	0.000415868
0.68	0.99	0.1
0.69	0	0.1
0.69	0.03	0.0987777
0.69	0.06	0.0975574
0.69	0.09	0.096341
0.69	0.12	0.0951307
0.69	0.15	0.0939283
0.69	0.18	0.0927357
0.69	0.21	0.091555
0.69	0.24	0.0903879
0.69	0.27	0.0892362
0.69	0.3	0.0881018
0.69	0.33	0.0869863
0.69	0.36	0.0858178
0.69	0.39	0.0844338
0.69	0.42	0.0827236
0.69	0.45	0.080458
0.69	0.48	0.0770247
0.69	0.51	0.0694788
0.69	0.54	0.0603251
0.69	0.57	0.0517025
0.69	0.6	0.0436969
0.69	0.63	0.0363761
0.69	0.66	0.0297884
0.69	0.69	0.0239612
0.69	0.72	0.018901
0.69	0.75	0.0145937
0.69	0.78	0.0110048
0.69	0.81	0.00808096
0.69	0.84	0.00575164
0.69	0.87	0.00393107
0.69	0.9	0.00252058
0.69	0.93	0.00141126
0.69	0.96	0.00048664
0.69	0.99	0.1
0.7	0	0.1
0.7	0.03	0.0987991
0.7	0.06	0.0976002
0.7	0.09	0.0964051
0.7	0.12	0.0952158
0.7	0.15	0.0940342
0.7	0.18	0.092862
0.7	0.21	0.0917013
0.7	0.24	0.0905537
0.7	0.27	0.089421
0.7	0.3	0.088305
0.7	0.33	0.0872072
0.7	0.36	0.0860569
0.7	0.39	0.0846939
0.7	0.42	0.0830088
0.7	0.45	0.0807754
0.7	0.48	0.0773888
0.7	0.51	0.0699404
0.7	0.54	0.0608964
0.7	0.57	0.0523666
0.7	0.6	0.0444344
0.7	0.63	0.0371659
0.7	0.66	0.0306083
0.7	0.69	0.0247885
0.7	0.72	0.0197133
0.7	0.75	0.0153692
0.7	0.78	0.011723
0.7	0.81	0.00872319
0.7	0.84	0.00630136
0.7	0.87	0.00437429
0.7	0.9	0.00284613
0.7	0.93	0.00161095
0.7	0.96	0.0005555
0.7	0.99	0.1
0.71	0	0.1
0.71	0.03	0.0988198
0.71	0.06	0.0976415
0.71	0.09	0.096467
0.71	0.12	0.095298
0.71	0.15	0.0941364
0.71	0.18	0.0929839
0.71	0.21	0.0918425
0.71	0.24	0.0907138
0.71	0.27	0.0895994
0.71	0.3	0.0885012
0.71	0.33	0.0874206
0.71	0.36	0.0862878
0.71	0.39	0.084945
0.71	0.42	0.0832843
0.71	0.45	0.0810821
0.71	0.48	0.0777408
0.71	0.51	0.070387
0.71	0.54	0.0614495
0.71	0.57	0.0530099
0.71	0.6	0.0451492
0.71	0.63	0.0379318
0.71	0.66	0.0314037
0.71	0.69	0.0255915
0.71	0.72	0.0205021
0.71	0.75	0.0161225
0.71	0.78	0.0124209
0.71	0.81	0.00934748
0.71	0.84	0.00683588
0.71	0.87	0.00480536
0.71	0.9	0.00316279
0.71	0.93	0.00180522
0.71	0.96	0.000622489
0.71	0.99	0.1
0.72	0	0.1
0.72	0.03	0.0988398
0.72	0.06	0.0976815
0.72	0.09	0.0965267
0.72	0.12	0.0953773
0.72	0.15	0.094235
0.72	0.18	0.0931017
0.72	0.21	0.0919789
0.72	0.24	0.0908684
0.72	0.27	0.0897718
0.72	0.3	0.0886907
0.72	0.33	0.0876266
0.72	0.36	0.0865109
0.72	0.39	0.0851877
0.72	0.42	0.0835506
0.72	0.45	0.0813785
0.72	0.48	0.0780812
0.72	0.51	0.0708191
0.72	0.54	0.0619851
0.72	0.57	0.0536331
0.72	0.6	0.045842
0.72	0.63	0.0386745
0.72	0.66	0.0321755
0.72	0.69	0.026371
0.72	0.72	0.021268
0.72	0.75	0.0168542
0.72	0.78	0.0130991
0.72	0.81	0.00995426
0.72	0.84	0.00735555
0.72	0.87	0.00522453
0.72	0.9	0.00347076
0.72	0.93	0.00199418
0.72	0.96	0.000687647
0.72	0.99	0.1
0.73	0	0.1
0.73	0.03	0.0988591
0.73	0.06	0.09772
0.73	0.09	0.0965844
0.73	0.12	0.0954539
0.73	0.15	0.0943303
0.73	0.18	0.0932153
0.73	0.21	0.0921106
0.73	0.24	0.0910177
0.73	0.27	0.0899382
0.73	0.3	0.0888737
0.73	0.33	0.0878257
0.73	0.36	0.0867264
0.73	0.39	0.0854223
0.73	0.42	0.083808
0.73	0.45	0.0816651
0.73	0.48	0.0784104
0.73	0.51	0.0712373
0.73	0.54	0.0625037
0.73	0.57	0.0542369
0.73	0.6	0.0465136
0.73	0.63	0.0393948
0.73	0.66	0.0329242
0.73	0.69	0.0271275
0.73	0.72	0.0220116
0.73	0.75	0.0175649
0.73	0.78	0.013758
0.73	0.81	0.010544
0.73	0.84	0.0078607
0.73	0.87	0.00563207
0.73	0.9	0.00377024
0.73	0.93	0.00217793
0.73	0.96	0.000751012
0.73	0.99	0.1
0.74	0	0.1
0.74	0.03	0.0988778
0.74	0.06	0.0977573
0.74	0.09	0.0966401
0.74	0.12	0.0955279
0.74	0.15	0.0944224
0.74	0.18	0.0933252
0.74	0.21	0.0922379
0.74	0.24	0.091162
0.74	0.27	0.0900991
0.74	0.3	0.0890507
0.74	0.33	0.0880182
0.74	0.36	0.0869347
0.74	0.39	0.085649
0.74	0.42	0.0840568
0.74	0.45	0.0819423
0.74	0.48	0.0787288
0.74	0.51	0.071642
0.74	0.54	0.063006
0.74	0.57	0.0548221
0.74	0.6	0.0471647
0.74	0.63	0.0400933
0.74	0.66	0.0336506
0.74	0.69	0.0278617
0.74	0.72	0.0227335
0.74	0.75	0.0182552
0.74	0.78	0.0143981
0.74	0.81	0.011117
0.74	0.84	0.00835169
0.74	0.87	0.00602827
0.74	0.9	0.00406141
0.74	0.93	0.00235661
0.74	0.96	0.000812625
0.74	0.99	0.1
0.75	0	0.1
0.75	0.03	0.0988958
0.75	0.06	0.0977932
0.75	0.09	0.0966939
0.75	0.12	0.0955994
0.75	0.15	0.0945114
0.75	0.18	0.0934313
0.75	0.21	0.0923608
0.75	0.24	0.0913014
0.75	0.27	0.0902545
0.75	0.3	0.0892216
0.75	0.33	0.0882042
0.75	0.36	0.0871361
0.75	0.39	0.0858682
0.75	0.42	0.0842974
0.75	0.45	0.0822104
0.75	0.48	0.0790369
0.75	0.51	0.0720338
0.75	0.54	0.0634925
0.75	0.57	0.055389
0.75	0.6	0.0477959
0.75	0.63	0.0407708
0.75	0.66	0.0343554
0.75	0.69	0.0285743
0.75	0.72	0.0234345
0.75	0.75	0.0189255
0.75	0.78	0.0150198
0.75	0.81	0.0116738
0.75	0.84	0.00882886
0.75	0.87	0.00641337
0.75	0.9	0.00434447
0.75	0.93	0.00253033
0.75	0.96	0.000872527
0.75	0.99	0.1
0.76	0	0.1
0.76	0.03	0.0989132
0.76	0.06	0.097828
0.76	0.09	0.0967459
0.76	0.12	0.0956685
0.76	0.15	0.0945973
0.76	0.18	0.0935339
0.76	0.21	0.0924797
0.76	0.24	0.0914362
0.76	0.27	0.0904048
0.76	0.3	0.089387
0.76	0.33	0.088384
0.76	0.36	0.0873308
0.76	0.39	0.0860802
0.76	0.42	0.0845301
0.76	0.45	0.0824697
0.76	0.48	0.079335
0.76	0.51	0.0724132
0.76	0.54	0.0639638
0.76	0.57	0.0559385
0.76	0.6	0.0484078
0.76	0.63	0.0414278
0.76	0.66	0.0350391
0.76	0.69	0.0292658
0.76	0.72	0.0241149
0.76	0.75	0.0195765
0.76	0.78	0.0156238
0.76	0.81	0.0122147
0.76	0.84	0.00929254
0.76	0.87	0.00678765
0.76	0.9	0.00461961
0.76	0.93	0.00269919
0.76	0.96	0.000930756
0.76	0.99	0.1
0.77	0	0.1
0.77	0.03	0.0989301
0.77	0.06	0.0978616
0.77	0.09	0.0967962
0.77	0.12	0.0957353
0.77	0.15	0.0946805
0.77	0.18	0.0936331
0.77	0.21	0.0925946
0.77	0.24	0.0915665
0.77	0.27	0.0905501
0.77	0.3	0.0895468
0.77	0.33	0.0885579
0.77	0.36	0.0875192
0.77	0.39	0.0862852
0.77	0.42	0.0847552
0.77	0.45	0.0827206
0.77	0.48	0.0796236
0.77	0.51	0.0727805
0.77	0.54	0.0644203
0.77	0.57	0.0564711
0.77	0.6	0.0490011
0.77	0.63	0.042065
0.77	0.66	0.0357025
0.77	0.69	0.029937
0.77	0.72	0.0247755
0.77	0.75	0.0202085
0.77	0.78	0.0162104
0.77	0.81	0.0127403
0.77	0.84	0.00974308
0.77	0.87	0.00715137
0.77	0.9	0.00488702
0.77	0.93	0.00286332
0.77	0.96	0.000987353
0.77	0.99	0.1
0.78	0	0.1
0.78	0.03	0.0989463
0.78	0.06	0.0978941
0.78	0.09	0.0968448
0.78	0.12	0.0957999
0.78	0.15	0.0947608
0.78	0.18	0.093729
0.78	0.21	0.0927057
0.78	0.24	0.0916925
0.78	0.27	0.0906906
0.78	0.3	0.0897014
0.78	0.33	0.0887261
0.78	0.36	0.0877013
0.78	0.39	0.0864835
0.78	0.42	0.084973
0.78	0.45	0.0829633
0.78	0.48	0.0799028
0.78	0.51	0.0731362
0.78	0.54	0.0648626
0.78	0.57	0.0569872
0.78	0.6	0.0495763
0.78	0.63	0.0426831
0.78	0.66	0.0363461
0.78	0.69	0.0305883
0.78	0.72	0.0254167
0.78	0.75	0.0208223
0.78	0.78	0.0167801
0.78	0.81	0.0132507
0.78	0.84	0.0101808
0.78	0.87	0.0075048
0.78	0.9	0.00514688
0.78	0.93	0.00302284
0.78	0.96	0.00104236
0.78	0.99	0.1
0.79	0	0.1
0.79	0.03	0.0989621
0.79	0.06	0.0979255
0.79	0.09	0.0968919
0.79	0.12	0.0958624
0.79	0.15	0.0948386
0.79	0.18	0.0938217
0.79	0.21	0.0928132
0.79	0.24	0.0918144
0.79	0.27	0.0908265
0.79	0.3	0.0898509
0.79	0.33	0.0888888
0.79	0.36	0.0878775
0.79	0.39	0.0866754
0.79	0.42	0.0851837
0.79	0.45	0.0831983
0.79	0.48	0.0801731
0.79	0.51	0.0734806
0.79	0.54	0.0652912
0.79	0.57	0.0574875
0.79	0.6	0.050134
0.79	0.63	0.0432825
0.79	0.66	0.0369705
0.79	0.69	0.0312204
0.79	0.72	0.0260392
0.79	0.75	0.0214181
0.79	0.78	0.0173334
0.79	0.81	0.0137466
0.79	0.84	0.010606
0.79	0.87	0.00784818
0.79	0.9	0.00539939
0.79	0.93	0.00317784
0.79	0.96	0.00109581
0.79	0.99	0.1
0.8	0	0.1
0.8	0.03	0.0989773
0.8	0.06	0.0979559
0.8	0.09	0.0969373
0.8	0.12	0.0959228
0.8	0.15	0.0949137
0.8	0.18	0.0939114
0.8	0.21	0.0929172
0.8	0.24	0.0919323
0.8	0.27	0.090958
0.8	0.3	0.0899956
0.8	0.33	0.0890462
0.8	0.36	0.088048
0.8	0.39	0.0868611
0.8	0.42	0.0853877
0.8	0.45	0.0834257
0.8	0.48	0.0804349
0.8	0.51	0.0738143
0.8	0.54	0.0657065
0.8	0.57	0.0579724
0.8	0.6	0.0506748
0.8	0.63	0.0438639
0.8	0.66	0.0375762
0.8	0.69	0.0318338
0.8	0.72	0.0266433
0.8	0.75	0.0219966
0.8	0.78	0.0178706
0.8	0.81	0.0142282
0.8	0.84	0.0110191
0.8	0.87	0.00818179
0.8	0.9	0.00564472
0.8	0.93	0.00332846
0.8	0.96	0.00114774
0.8	0.99	0.1
0.81	0	0.1
0.81	0.03	0.098992
0.81	0.06	0.0979853
0.81	0.09	0.0969813
0.81	0.12	0.0959813
0.81	0.15	0.0949865
0.81	0.18	0.0939982
0.81	0.21	0.0930178
0.81	0.24	0.0920464
0.81	0.27	0.0910853
0.81	0.3	0.0901356
0.81	0.33	0.0891985
0.81	0.36	0.0882131
0.81	0.39	0.0870408
0.81	0.42	0.0855851
0.81	0.45	0.0836459
0.81	0.48	0.0806883
0.81	0.51	0.0741375
0.81	0.54	0.0661089
0.81	0.57	0.0584425
0.81	0.6	0.0511992
0.81	0.63	0.0444278
0.81	0.66	0.0381639
0.81	0.69	0.032429
0.81	0.72	0.0272297
0.81	0.75	0.0225583
0.81	0.78	0.0183923
0.81	0.81	0.0146959
0.81	0.84	0.0114203
0.81	0.87	0.00850586
0.81	0.9	0.00588307
0.81	0.93	0.00347479
0.81	0.96	0.0011982
0.81	0.99	0.1
0.82	0	0.1
0.82	0.03	0.0990063
0.82	0.06	0.0980138
0.82	0.09	0.0970239
0.82	0.12	0.0960378
0.82	0.15	0.0950568
0.82	0.18	0.0940822
0.82	0.21	0.0931151
0.82	0.24	0.0921568
0.82	0.27	0.0912084
0.82	0.3	0.0902711
0.82	0.33	0.0893459
0.82	0.36	0.0883728
0.82	0.39	0.0872147
0.82	0.42	0.0857762
0.82	0.45	0.0838591
0.82	0.48	0.0809337
0.82	0.51	0.0744506
0.82	0.54	0.0664989
0.82	0.57	0.0588982
0.82	0.6	0.0517077
0.82	0.63	0.0449747
0.82	0.66	0.0387341
0.82	0.69	0.0330066
0.82	0.72	0.0277989
0.82	0.75	0.0231035
0.82	0.78	0.0188988
0.82	0.81	0.01515
0.82	0.84	0.01181
0.82	0.87	0.00882064
0.82	0.9	0.0061146
0.82	0.93	0.00361694
0.82	0.96	0.00124722
0.82	0.99	0.1
0.83	0	0.1
0.83	0.03	0.09902
0.83	0.06	0.0980413
0.83	0.09	0.0970651
0.83	0.12	0.0960925
0.83	0.15	0.0951249
0.83	0.18	0.0941635
0.83	0.21	0.0932093
0.83	0.24	0.0922636
0.83	0.27	0.0913275
0.83	0.3	0.0904022
0.83	0.33	0.0894886
0.83	0.36	0.0885274
0.83	0.39	0.0873831
0.83	0.42	0.0859612
0.83	0.45	0.0840655
0.83	0.48	0.0811714
0.83	0.51	0.074754
0.83	0.54	0.0668769
0.83	0.57	0.05934
0.83	0.6	0.0522008
0.83	0.63	0.0455053
0.83	0.66	0.0392873
0.83	0.69	0.0335671
0.83	0.72	0.0283514
0.83	0.75	0.0236328
0.83	0.78	0.0193906
0.83	0.81	0.0155911
0.83	0.84	0.0121884
0.83	0.87	0.00912638
0.83	0.9	0.0063395
0.83	0.93	0.00375503
0.83	0.96	0.00129484
0.83	0.99	0.1
0.84	0	0.1
0.84	0.03	0.0990334
0.84	0.06	0.098068
0.84	0.09	0.0971049
0.84	0.12	0.0961455
0.84	0.15	0.0951909
0.84	0.18	0.0942421
0.84	0.21	0.0933005
0.84	0.24	0.092367
0.84	0.27	0.0914429
0.84	0.3	0.0905291
0.84	0.33	0.0896268
0.84	0.36	0.0886771
0.84	0.39	0.0875462
0.84	0.42	0.0861404
0.84	0.45	0.0842654
0.84	0.48	0.0814016
0.84	0.51	0.0750479
0.84	0.54	0.0672433
0.84	0.57	0.0597683
0.84	0.6	0.0526789
0.84	0.63	0.0460199
0.84	0.66	0.0398239
0.84	0.69	0.034111
0.84	0.72	0.0288875
0.84	0.75	0.0241466
0.84	0.78	0.0198681
0.84	0.81	0.0160193
0.84	0.84	0.0125559
0.84	0.87	0.00942331
0.84	0.9	0.00655794
0.84	0.93	0.00388916
0.84	0.96	0.00134109
0.84	0.99	0.1
0.85	0	0.1
0.85	0.03	0.0990463
0.85	0.06	0.0980938
0.85	0.09	0.0971435
0.85	0.12	0.0961968
0.85	0.15	0.0952547
0.85	0.18	0.0943183
0.85	0.21	0.0933887
0.85	0.24	0.0924671
0.85	0.27	0.0915546
0.85	0.3	0.090652
0.85	0.33	0.0897606
0.85	0.36	0.088822
0.85	0.39	0.0877041
0.85	0.42	0.0863139
0.85	0.45	0.084459
0.85	0.48	0.0816246
0.85	0.51	0.0753327
0.85	0.54	0.0675984
0.85	0.57	0.0601836
0.85	0.6	0.0531426
0.85	0.63	0.046519
0.85	0.66	0.0403446
0.85	0.69	0.0346387
0.85	0.72	0.0294079
0.85	0.75	0.0246453
0.85	0.78	0.0203316
0.85	0.81	0.0164351
0.85	0.84	0.0129128
0.85	0.87	0.00971168
0.85	0.9	0.00677008
0.85	0.93	0.00401943
0.85	0.96	0.00138601
0.85	0.99	0.1
0.86	0	0.1
0.86	0.03	0.0990588
0.86	0.06	0.0981187
0.86	0.09	0.0971809
0.86	0.12	0.0962464
0.86	0.15	0.0953164
0.86	0.18	0.094392
0.86	0.21	0.0934742
0.86	0.24	0.0925641
0.86	0.27	0.0916627
0.86	0.3	0.090771
0.86	0.33	0.0898901
0.86	0.36	0.0889623
0.86	0.39	0.087857
0.86	0.42	0.0864819
0.86	0.45	0.0846465
0.86	0.48	0.0818406
0.86	0.51	0.0756087
0.86	0.54	0.0679426
0.86	0.57	0.0605863
0.86	0.6	0.0535923
0.86	0.63	0.0470031
0.86	0.66	0.0408497
0.86	0.69	0.0351508
0.86	0.72	0.0299129
0.86	0.75	0.0251294
0.86	0.78	0.0207816
0.86	0.81	0.0168388
0.86	0.84	0.0132593
0.86	0.87	0.0099917
0.86	0.9	0.00697611
0.86	0.93	0.00414594
0.86	0.96	0.00142963
0.86	0.99	0.1
0.87	0	0.1
0.87	0.03	0.0990709
0.87	0.06	0.0981429
0.87	0.09	0.0972171
0.87	0.12	0.0962945
0.87	0.15	0.0953762
0.87	0.18	0.0944634
0.87	0.21	0.0935569
0.87	0.24	0.0926579
0.87	0.27	0.0917674
0.87	0.3	0.0908863
0.87	0.33	0.0900155
0.87	0.36	0.0890983
0.87	0.39	0.0880051
0.87	0.42	0.0866447
0.87	0.45	0.0848282
0.87	0.48	0.08205
0.87	0.51	0.0758762
0.87	0.54	0.0682763
0.87	0.57	0.0609767
0.87	0.6	0.0540285
0.87	0.63	0.0474728
0.87	0.66	0.0413397
0.87	0.69	0.0356477
0.87	0.72	0.030403
0.87	0.75	0.0255993
0.87	0.78	0.0212184
0.87	0.81	0.0172307
0.87	0.84	0.0135958
0.87	0.87	0.0102636
0.87	0.9	0.00717618
0.87	0.93	0.0042688
0.87	0.96	0.001472
0.87	0.99	0.1
0.88	0	0.1
0.88	0.03	0.0990826
0.88	0.06	0.0981663
0.88	0.09	0.0972521
0.88	0.12	0.096341
0.88	0.15	0.0954342
0.88	0.18	0.0945325
0.88	0.21	0.0936371
0.88	0.24	0.0927488
0.88	0.27	0.0918688
0.88	0.3	0.0909979
0.88	0.33	0.090137
0.88	0.36	0.0892299
0.88	0.39	0.0881485
0.88	0.42	0.0868024
0.88	0.45	0.0850042
0.88	0.48	0.0822528
0.88	0.51	0.0761355
0.88	0.54	0.0685998
0.88	0.57	0.0613553
0.88	0.6	0.0544514
0.88	0.63	0.0479283
0.88	0.66	0.0418152
0.88	0.69	0.0361299
0.88	0.72	0.0308786
0.88	0.75	0.0260553
0.88	0.78	0.0216424
0.88	0.81	0.0176112
0.88	0.84	0.0139224
0.88	0.87	0.0105276
0.88	0.9	0.00737045
0.88	0.93	0.00438811
0.88	0.96	0.00151314
0.88	0.99	0.1
0.89	0	0.1
0.89	0.03	0.099094
0.89	0.06	0.098189
0.89	0.09	0.097286
0.89	0.12	0.0963861
0.89	0.15	0.0954903
0.89	0.18	0.0945995
0.89	0.21	0.0937147
0.89	0.24	0.0928369
0.89	0.27	0.091967
0.89	0.3	0.091106
0.89	0.33	0.0902547
0.89	0.36	0.0893574
0.89	0.39	0.0882875
0.89	0.42	0.0869551
0.89	0.45	0.0851747
0.89	0.48	0.0824493
0.89	0.51	0.0763867
0.89	0.54	0.0689134
0.89	0.57	0.0617224
0.89	0.6	0.0548617
0.89	0.63	0.0483702
0.89	0.66	0.0422764
0.89	0.69	0.0365977
0.89	0.72	0.0313401
0.89	0.75	0.0264979
0.89	0.78	0.022054
0.89	0.81	0.0179806
0.89	0.84	0.0142396
0.89	0.87	0.010784
0.89	0.9	0.00755908
0.89	0.93	0.00450395
0.89	0.96	0.00155309
0.89	0.99	0.1
0.9	0	0.1
0.9	0.03	0.099105
0.9	0.06	0.0982109
0.9	0.09	0.0973189
0.9	0.12	0.0964298
0.9	0.15	0.0955446
0.9	0.18	0.0946643
0.9	0.21	0.0937898
0.9	0.24	0.0929222
0.9	0.27	0.0920621
0.9	0.3	0.0912107
0.9	0.33	0.0903687
0.9	0.36	0.089481
0.9	0.39	0.0884221
0.9	0.42	0.0871031
0.9	0.45	0.0853399
0.9	0.48	0.0826397
0.9	0.51	0.0766303
0.9	0.54	0.0692175
0.9	0.57	0.0620783
0.9	0.6	0.0552595
0.9	0.63	0.0487988
0.9	0.66	0.0427239
0.9	0.69	0.0370517
0.9	0.72	0.031788
0.9	0.75	0.0269275
0.9	0.78	0.0224535
0.9	0.81	0.0183391
0.9	0.84	0.0145474
0.9	0.87	0.0110328
0.9	0.9	0.00774222
0.9	0.93	0.00461643
0.9	0.96	0.00159187
0.9	0.99	0.1
0.91	0	0.1
0.91	0.03	0.0991156
0.91	0.06	0.0982322
0.91	0.09	0.0973507
0.91	0.12	0.096472
0.91	0.15	0.0955972
0.91	0.18	0.0947271
0.91	0.21	0.0938627
0.91	0.24	0.0930048
0.91	0.27	0.0921543
0.91	0.3	0.0913121
0.91	0.33	0.0904791
0.91	0.36	0.0896007
0.91	0.39	0.0885525
0.91	0.42	0.0872465
0.91	0.45	0.0855
0.91	0.48	0.0828243
0.91	0.51	0.0768664
0.91	0.54	0.0695123
0.91	0.57	0.0624235
0.91	0.6	0.0556454
0.91	0.63	0.0492146
0.91	0.66	0.043158
0.91	0.69	0.0374921
0.91	0.72	0.0322227
0.91	0.75	0.0273444
0.91	0.78	0.0228413
0.91	0.81	0.0186872
0.91	0.84	0.0148463
0.91	0.87	0.0112744
0.91	0.9	0.00792003
0.91	0.93	0.00472564
0.91	0.96	0.00162953
0.91	0.99	0.1
0.92	0	0.1
0.92	0.03	0.0991259
0.92	0.06	0.0982528
0.92	0.09	0.0973815
0.92	0.12	0.096513
0.92	0.15	0.0956482
0.92	0.18	0.094788
0.92	0.21	0.0939332
0.92	0.24	0.0930848
0.92	0.27	0.0922436
0.92	0.3	0.0914104
0.92	0.33	0.0905861
0.92	0.36	0.0897166
0.92	0.39	0.0886789
0.92	0.42	0.0873855
0.92	0.45	0.0856551
0.92	0.48	0.0830032
0.92	0.51	0.0770952
0.92	0.54	0.0697981
0.92	0.57	0.0627583
0.92	0.6	0.0560197
0.92	0.63	0.0496179
0.92	0.66	0.0435792
0.92	0.69	0.0379195
0.92	0.72	0.0326444
0.92	0.75	0.027749
0.92	0.78	0.0232176
0.92	0.81	0.019025
0.92	0.84	0.0151364
0.92	0.87	0.011509
0.92	0.9	0.00809265
0.92	0.93	0.00483166
0.92	0.96	0.00166609
0.92	0.99	0.1
0.93	0	0.1
0.93	0.03	0.0991359
0.93	0.06	0.0982728
0.93	0.09	0.0974114
0.93	0.12	0.0965527
0.93	0.15	0.0956976
0.93	0.18	0.0948469
0.93	0.21	0.0940016
0.93	0.24	0.0931623
0.93	0.27	0.0923301
0.93	0.3	0.0915057
0.93	0.33	0.0906898
0.93	0.36	0.089829
0.93	0.39	0.0888014
0.93	0.42	0.0875201
0.93	0.45	0.0858055
0.93	0.48	0.0831766
0.93	0.51	0.0773171
0.93	0.54	0.0700753
0.93	0.57	0.0630829
0.93	0.6	0.0563827
0.93	0.63	0.0500092
0.93	0.66	0.0439878
0.93	0.69	0.0383342
0.93	0.72	0.0330537
0.93	0.75	0.0281416
0.93	0.78	0.0235829
0.93	0.81	0.0193529
0.93	0.84	0.0154181
0.93	0.87	0.0117367
0.93	0.9	0.00826023
0.93	0.93	0.00493459
0.93	0.96	0.00170158
0.93	0.99	0.1
0.94	0	0.1
0.94	0.03	0.0991456
0.94	0.06	0.0982921
0.94	0.09	0.0974403
0.94	0.12	0.0965912
0.94	0.15	0.0957454
0.94	0.18	0.094904
0.94	0.21	0.0940678
0.94	0.24	0.0932375
0.94	0.27	0.0924139
0.94	0.3	0.0915979
0.94	0.33	0.0907903
0.94	0.36	0.0899379
0.94	0.39	0.08892
0.94	0.42	0.0876506
0.94	0.45	0.0859512
0.94	0.48	0.0833446
0.94	0.51	0.0775322
0.94	0.54	0.070344
0.94	0.57	0.0633977
0.94	0.6	0.0567348
0.94	0.63	0.0503887
0.94	0.66	0.0443842
0.94	0.69	0.0387365
0.94	0.72	0.0334509
0.94	0.75	0.0285227
0.94	0.78	0.0239374
0.94	0.81	0.0196712
0.94	0.84	0.0156914
0.94	0.87	0.0119577
0.94	0.9	0.00842291
0.94	0.93	0.00503451
0.94	0.96	0.00173604
0.94	0.99	0.1
0.95	0	0.1
0.95	0.03	0.099155
0.95	0.06	0.0983108
0.95	0.09	0.0974684
0.95	0.12	0.0966284
0.95	0.15	0.0957918
0.95	0.18	0.0949594
0.95	0.21	0.094132
0.95	0.24	0.0933103
0.95	0.27	0.0924952
0.95	0.3	0.0916874
0.95	0.33	0.0908876
0.95	0.36	0.0900434
0.95	0.39	0.0890351
0.95	0.42	0.0877771
0.95	0.45	0.0860925
0.95	0.48	0.0835076
0.95	0.51	0.0777408
0.95	0.54	0.0706046
0.95	0.57	0.0637031
0.95	0.6	0.0570763
0.95	0.63	0.0507569
0.95	0.66	0.0447688
0.95	0.69	0.0391268
0.95	0.72	0.0338362
0.95	0.75	0.0288924
0.95	0.78	0.0242814
0.95	0.81	0.0199801
0.95	0.84	0.0159568
0.95	0.87	0.0121723
0.95	0.9	0.00858082
0.95	0.93	0.0051315
0.95	0.96	0.00176948
0.95	0.99	0.1
0.96	0	0.1
0.96	0.03	0.0991641
0.96	0.06	0.098329
0.96	0.09	0.0974955
0.96	0.12	0.0966645
0.96	0.15	0.0958368
0.96	0.18	0.095013
0.96	0.21	0.0941941
0.96	0.24	0.0933808
0.96	0.27	0.0925739
0.96	0.3	0.091774
0.96	0.33	0.090982
0.96	0.36	0.0901457
0.96	0.39	0.0891466
0.96	0.42	0.0878997
0.96	0.45	0.0862294
0.96	0.48	0.0836655
0.96	0.51	0.077943
0.96	0.54	0.0708574
0.96	0.57	0.0639992
0.96	0.6	0.0574075
0.96	0.63	0.051114
0.96	0.66	0.0451419
0.96	0.69	0.0395056
0.96	0.72	0.0342102
0.96	0.75	0.0292513
0.96	0.78	0.0246153
0.96	0.81	0.0202799
0.96	0.84	0.0162143
0.96	0.87	0.0123805
0.96	0.9	0.0087341
0.96	0.93	0.00522566
0.96	0.96	0.00180195
0.96	0.99	0.1
0.97	0	0.1
0.97	0.03	0.0991729
0.97	0.06	0.0983466
0.97	0.09	0.0975219
0.97	0.12	0.0966995
0.97	0.15	0.0958803
0.97	0.18	0.095065
0.97	0.21	0.0942544
0.97	0.24	0.0934492
0.97	0.27	0.0926502
0.97	0.3	0.091858
0.97	0.33	0.0910734
0.97	0.36	0.0902449
0.97	0.39	0.0892546
0.97	0.42	0.0880185
0.97	0.45	0.0863621
0.97	0.48	0.0838186
0.97	0.51	0.078139
0.97	0.54	0.0711024
0.97	0.57	0.0642864
0.97	0.6	0.0577288
0.97	0.63	0.0514605
0.97	0.66	0.0455039
0.97	0.69	0.0398731
0.97	0.72	0.034573
0.97	0.75	0.0295995
0.97	0.78	0.0249394
0.97	0.81	0.0205709
0.97	0.84	0.0164643
0.97	0.87	0.0125826
0.97	0.9	0.00888288
0.97	0.93	0.00531705
0.97	0.96	0.00183346
0.97	0.99	0.1
0.98	0	0.1
0.98	0.03	0.0991814
0.98	0.06	0.0983636
0.98	0.09	0.0975474
0.98	0.12	0.0967334
0.98	0.15	0.0959225
0.98	0.18	0.0951154
0.98	0.21	0.0943128
0.98	0.24	0.0935155
0.98	0.27	0.0927242
0.98	0.3	0.0919395
0.98	0.33	0.0911621
0.98	0.36	0.090341
0.98	0.39	0.0893594
0.98	0.42	0.0881337
0.98	0.45	0.0864908
0.98	0.48	0.083967
0.98	0.51	0.0783291
0.98	0.54	0.0713401
0.98	0.57	0.0645649
0.98	0.6	0.0580405
0.98	0.63	0.0517965
0.98	0.66	0.045855
0.98	0.69	0.0402296
0.98	0.72	0.0349251
0.98	0.75	0.0299374
0.98	0.78	0.0252538
0.98	0.81	0.0208533
0.98	0.84	0.0167069
0.98	0.87	0.0127788
0.98	0.9	0.00902729
0.98	0.93	0.00540576
0.98	0.96	0.00186405
0.98	0.99	0.1
0.99	0	0.1
0.99	0.03	0.0991897
0.99	0.06	0.0983802
0.99	0.09	0.0975721
0.99	0.12	0.0967663
0.99	0.15	0.0959634
0.99	0.18	0.0951642
0.99	0.21	0.0943694
0.99	0.24	0.0935797
0.99	0.27	0.0927958
0.99	0.3	0.0920184
0.99	0.33	0.091248
0.99	0.36	0.0904341
0.99	0.39	0.0894609
0.99	0.42	0.0882454
0.99	0.45	0.0866155
0.99	0.48	0.0841109
0.99	0.51	0.0785135
0.99	0.54	0.0715706
0.99	0.57	0.0648351
0.99	0.6	0.0583428
0.99	0.63	0.0521226
0.99	0.66	0.0461957
0.99	0.69	0.0405755
0.99	0.72	0.0352667
0.99	0.75	0.0302653
0.99	0.78	0.025559
0.99	0.81	0.0211273
0.99	0.84	0.0169423
0.99	0.87	0.0129692
0.99	0.9	0.00916746
0.99	0.93	0.00549185
0.99	0.96	0.00189374
0.99	0.99	0.1
