0	0	0.1
0	0.03	0.0709
0	0.06	0.0436
0	0.09	0.0181
0	0.12	-0.0056
0	0.15	-0.0275
0	0.18	-0.0476
0	0.21	-0.0659
0	0.24	-0.0824
0	0.27	-0.0971
0	0.3	-0.11
0	0.33	-0.1211
0	0.36	-0.1304
0	0.39	-0.1379
0	0.42	-0.1436
0	0.45	-0.1475
0	0.48	-0.1496
0	0.51	-0.1499
0	0.54	-0.1484
0	0.57	-0.1451
0	0.6	-0.14
0	0.63	-0.1331
0	0.66	-0.1244
0	0.69	-0.1139
0	0.72	-0.1016
0	0.75	-0.0875
0	0.78	-0.0716
0	0.81	-0.0539
0	0.84	-0.0344
0	0.87	-0.0131
0	0.9	0.01
0	0.93	0.0349
0	0.96	0.0616
0	0.99	0.0901
0.01	0	0.1
0.01	0.03	0.0909
0.01	0.06	0.0636
0.01	0.09	0.0381
0.01	0.12	0.0144
0.01	0.15	-0.0075
0.01	0.18	-0.0276
0.01	0.21	-0.0459
0.01	0.24	-0.0624
0.01	0.27	-0.0771
0.01	0.3	-0.09
0.01	0.33	-0.1011
0.01	0.36	-0.11103
0.01	0.39	-0.12015
0.01	0.42	-0.12747
0.01	0.45	-0.13299
0.01	0.48	-0.13671
0.01	0.51	-0.13863
0.01	0.54	-0.13875
0.01	0.57	-0.13707
0.01	0.6	-0.13359
0.01	0.63	-0.12831
0.01	0.66	-0.12123
0.01	0.69	-0.1119
0.01	0.72	-0.0996
0.01	0.75	-0.0855
0.01	0.78	-0.0696
0.01	0.81	-0.0519
0.01	0.84	-0.0324
0.01	0.87	-0.0111
0.01	0.9	0.012
0.01	0.93	0.0369
0.01	0.96	0.0636
0.01	0.99	0.1
0.02	0	0.1
0.02	0.03	-0.111322
0.02	0.06	0.0836
0.02	0.09	0.0581
0.02	0.12	0.0344
0.02	0.15	0.0125
0.02	0.18	-0.0076
0.02	0.21	-0.0259
0.02	0.24	-0.0424
0.02	0.27	-0.0571
0.02	0.3	-0.07
0.02	0.33	-0.0881
0.02	0.36	-0.102314
0.02	0.39	-0.1024
0.02	0.42	-0.11134
0.02	0.45	-0.11848
0.02	0.48	-0.12382
0.02	0.51	-0.12736
0.02	0.54	-0.1291
0.02	0.57	-0.12904
0.02	0.6	-0.12718
0.02	0.63	-0.12352
0.02	0.66	-0.117268
0.02	0.69	-0.1086
0.02	0.72	-0.0976
0.02	0.75	-0.0835
0.02	0.78	-0.0676
0.02	0.81	-0.0499
0.02	0.84	-0.0304
0.02	0.87	-0.0091
0.02	0.9	0.014
0.02	0.93	0.0389
0.02	0.96	0.0743778
0.02	0.99	0.1
0.03	0	0.1
0.03	0.03	4.4025
0.03	0.06	-2.36554
0.03	0.09	0.0781
0.03	0.12	0.0544
0.03	0.15	0.0325
0.03	0.18	0.0124
0.03	0.21	-0.0059
0.03	0.24	-0.0224
0.03	0.27	-0.0371
0.03	0.3	-0.127778
0.03	0.33	-0.0449167
0.03	0.36	0.0497087
0.03	0.39	-0.189705
0.03	0.42	-0.09521
0.03	0.45	-0.10397
0.03	0.48	-0.11093
0.03	0.51	-0.11609
0.03	0.54	-0.11945
0.03	0.57	-0.12101
0.03	0.6	-0.12077
0.03	0.63	-0.116621
0.03	0.66	-0.113014
0.03	0.69	-0.106008
0.03	0.72	-0.0941556
0.03	0.75	-0.0815
0.03	0.78	-0.0656
0.03	0.81	-0.0479
0.03	0.84	-0.0284
0.03	0.87	-0.0071
0.03	0.9	0.016
0.03	0.93	0.0506531
0.03	0.96	0.0634272
0.03	0.99	0.1
0.04	0	0.1
0.04	0.03	-118.604
0.04	0.06	99.9864
0.04	0.09	-27.3367
0.04	0.12	0.0744
0.04	0.15	0.0525
0.04	0.18	0.0324
0.04	0.21	0.0141
0.04	0.24	-0.0024
0.04	0.27	-0.881298
0.04	0.3	1.80043
0.04	0.33	0.0857975
0.04	0.36	-3.54493
0.04	0.39	3.10301
0.04	0.42	-1.02049
0.04	0.45	-0.08946
0.04	0.48	-0.09804
0.04	0.51	-0.10482
0.04	0.54	-0.1098
0.04	0.57	-0.11298
0.04	0.6	-0.10685
0.04	0.63	-0.118064
0.04	0.66	-0.107028
0.04	0.69	-0.100623
0.04	0.72	-0.0932636
0.04	0.75	-0.0778951
0.04	0.78	-0.0636
0.04	0.81	-0.0459
0.04	0.84	-0.0264
0.04	0.87	-0.0051
0.04	0.9	0.0288368
0.04	0.93	0.0263431
0.04	0.96	0.0898702
0.04	0.99	0.1
0.05	0	0.1
0.05	0.03	3629.1
0.05	0.06	-3743.49
0.05	0.09	1691.93
0.05	0.12	-304.737
0.05	0.15	0.0725
0.05	0.18	0.0524
0.05	0.21	0.0341
0.05	0.24	-9.58459
0.05	0.27	38.6812
0.05	0.3	-47.0481
0.05	0.33	-21.2041
0.05	0.36	107.065
0.05	0.39	-103.115
0.05	0.42	44.2738
0.05	0.45	-7.66378
0.05	0.48	-0.08515
0.05	0.51	-0.09355
0.05	0.54	-0.10015
0.05	0.57	-0.0714464
0.05	0.6	-0.168615
0.05	0.63	-0.0588524
0.05	0.66	-0.115185
0.05	0.69	-0.099562
0.05	0.72	-0.0843647
0.05	0.75	-0.0790878
0.05	0.78	-0.0598167
0.05	0.81	-0.0439
0.05	0.84	-0.0244
0.05	0.87	0.00894085
0.05	0.9	-0.0116415
0.05	0.93	0.0996996
0.05	0.96	0.0305398
0.05	0.99	0.1
0.06	0	0.1
0.06	0.03	-118611
0.06	0.06	138568
0.06	0.09	-80886.9
0.06	0.12	25267.3
0.06	0.15	-3386.93
0.06	0.18	0.0724
0.06	0.21	-106.637
0.06	0.24	633.577
0.06	0.27	-1450.15
0.06	0.3	1192.65
0.06	0.33	1116.85
0.06	0.36	-3535.03
0.06	0.39	3422.92
0.06	0.42	-1741.92
0.06	0.45	472.103
0.06	0.48	-54.4167
0.06	0.51	-0.08228
0.06	0.54	0.0891163
0.06	0.57	-0.632977
0.06	0.6	0.568291
0.06	0.63	-0.500851
0.06	0.66	0.0115369
0.06	0.69	-0.100035
0.06	0.72	-0.0953873
0.06	0.75	-0.0635388
0.06	0.78	-0.0635438
0.06	0.81	-0.0399186
0.06	0.84	-0.00902128
0.06	0.87	-0.0509738
0.06	0.9	0.13494
0.06	0.93	-0.100857
0.06	0.96	0.184562
0.06	0.99	0.1
0.07	0	0.1
0.07	0.03	4.05683e+06
0.07	0.06	-5.15736e+06
0.07	0.09	3.53699e+06
0.07	0.12	-1.4726e+06
0.07	0.15	352626
0.07	0.18	-38818.9
0.07	0.21	9303.62
0.07	0.24	-30743.6
0.07	0.27	51066.9
0.07	0.3	-29014.1
0.07	0.33	-49728.4
0.07	0.36	121400
0.07	0.39	-116121
0.07	0.42	64380.8
0.07	0.45	-21619.7
0.07	0.48	4105.14
0.07	0.51	-339.203
0.07	0.54	-4.70098
0.07	0.57	7.94735
0.07	0.6	-7.51689
0.07	0.63	3.70778
0.07	0.66	-1.08733
0.07	0.69	0.029098
0.07	0.72	-0.0651642
0.07	0.75	-0.0989316
0.07	0.78	-0.037288
0.07	0.81	-0.0318384
0.07	0.84	-0.0899656
0.07	0.87	0.202211
0.07	0.9	-0.333628
0.07	0.93	0.478272
0.07	0.96	-0.226528
0.07	0.99	0.1
0.08	0	0.1
0.08	0.03	-1.43399e+08
0.08	0.06	1.93826e+08
0.08	0.09	-1.48729e+08
0.08	0.12	7.44699e+07
0.08	0.15	-2.42771e+07
0.08	0.18	4.84527e+06
0.08	0.21	-970360
0.08	0.24	1.32323e+06
0.08	0.27	-1.74773e+06
0.08	0.3	630617
0.08	0.33	2.08185e+06
0.08	0.36	-4.27611e+06
0.08	0.39	4.00605e+06
0.08	0.42	-2.32378e+06
0.08	0.45	879010
0.08	0.48	-211940
0.08	0.51	29581.7
0.08	0.54	-1730.2
0.08	0.57	-117.466
0.08	0.6	87.5253
0.08	0.63	-38.9226
0.08	0.66	9.32353
0.08	0.69	-1.31611
0.08	0.72	0.00205217
0.08	0.75	0.00708067
0.08	0.78	-0.0997258
0.08	0.81	-0.102479
0.08	0.84	0.299261
0.08	0.87	-0.717806
0.08	0.9	1.16386
0.08	0.93	-1.20695
0.08	0.96	0.919392
0.08	0.99	0.1
0.09	0	0.1
0.09	0.03	5.19687e+09
0.09	0.06	-7.35929e+09
0.09	0.09	6.13743e+09
0.09	0.12	-3.50271e+09
0.09	0.15	1.39649e+09
0.09	0.18	-3.83355e+08
0.09	0.21	8.9132e+07
0.09	0.24	-5.82829e+07
0.09	0.27	5.88001e+07
0.09	0.3	-9.6706e+06
0.09	0.33	-8.46871e+07
0.09	0.36	1.53268e+08
0.09	0.39	-1.40084e+08
0.09	0.42	8.3099e+07
0.09	0.45	-3.37333e+07
0.09	0.48	9.33003e+06
0.09	0.51	-1.67866e+06
0.09	0.54	174782
0.09	0.57	-6397.54
0.09	0.6	-1092.77
0.09	0.63	425.958
0.09	0.66	-94.3809
0.09	0.69	11.9703
0.09	0.72	-1.45698
0.09	0.75	-0.11718
0.09	0.78	0.0158887
0.09	0.81	0.346958
0.09	0.84	-1.27719
0.09	0.87	2.50301
0.09	0.9	-3.56111
0.09	0.93	3.78988
0.09	0.96	-2.35365
0.09	0.99	0.1
0.1	0	0.1
0.1	0.03	-1.92059e+11
0.1	0.06	2.82117e+11
0.1	0.09	-2.50939e+11
0.1	0.12	1.58046e+11
0.1	0.15	-7.28152e+10
0.1	0.18	2.46426e+10
0.1	0.21	-6.79866e+09
0.1	0.24	2.88058e+09
0.1	0.27	-2.00291e+09
0.1	0.3	-8.24011e+07
0.1	0.33	3.39277e+09
0.1	0.36	-5.56419e+09
0.1	0.39	4.95353e+09
0.1	0.42	-2.96382e+09
0.1	0.45	1.2552e+09
0.1	0.48	-3.77886e+08
0.1	0.51	7.88526e+07
0.1	0.54	-1.0733e+07
0.1	0.57	825531
0.1	0.6	-14575.3
0.1	0.63	-5000.21
0.1	0.66	1009.29
0.1	0.69	-121.117
0.1	0.72	14.9509
0.1	0.75	-1.458
0.1	0.78	0.235889
0.1	0.81	-1.82551
0.1	0.84	4.72764
0.1	0.87	-8.43513
0.1	0.9	11.3446
0.1	0.93	-11.204
0.1	0.96	7.19877
0.1	0.99	0.1
0.11	0	0.1
0.11	0.03	7.21056e+12
0.11	0.06	-1.09094e+13
0.11	0.09	1.02162e+13
0.11	0.12	-6.95134e+12
0.11	0.15	3.57517e+12
0.11	0.18	-1.40757e+12
0.11	0.21	4.50096e+11
0.11	0.24	-1.58928e+11
0.11	0.27	7.35971e+10
0.11	0.3	1.71917e+10
0.11	0.33	-1.34742e+11
0.11	0.36	2.04005e+11
0.11	0.39	-1.76837e+11
0.11	0.42	1.05792e+11
0.11	0.45	-4.59193e+10
0.11	0.48	1.45876e+10
0.11	0.51	-3.34174e+09
0.11	0.54	5.31512e+08
0.11	0.57	-5.44863e+07
0.11	0.6	3.01124e+06
0.11	0.63	-14488.7
0.11	0.66	-11564.9
0.11	0.69	1286.08
0.11	0.72	-154.468
0.11	0.75	18.6562
0.11	0.78	-3.93665
0.11	0.81	7.74621
0.11	0.84	-17.1789
0.11	0.87	28.1676
0.11	0.9	-35.6869
0.11	0.93	34.2975
0.11	0.96	-21.1363
0.11	0.99	0.1
0.12	0	0.1
0.12	0.03	-2.74239e+14
0.12	0.06	4.25151e+14
0.12	0.09	-4.15262e+14
0.12	0.12	3.0076e+14
0.12	0.15	-1.6875e+14
0.12	0.18	7.45969e+13
0.12	0.21	-2.69575e+13
0.12	0.24	9.19161e+12
0.12	0.27	-3.13674e+12
0.12	0.3	-1.04423e+12
0.12	0.33	5.31727e+12
0.12	0.36	-7.53957e+12
0.12	0.39	6.36571e+12
0.12	0.42	-3.78637e+12
0.12	0.45	1.66479e+12
0.12	0.48	-5.47103e+11
0.12	0.51	1.33167e+11
0.12	0.54	-2.3375e+10
0.12	0.57	2.81622e+09
0.12	0.6	-2.12519e+08
0.12	0.63	8.04508e+06
0.12	0.66	5917.96
0.12	0.69	-14593.4
0.12	0.72	1638.5
0.12	0.75	-198.807
0.12	0.78	34.1475
0.12	0.81	-32.9293
0.12	0.84	60.9007
0.12	0.87	-93.1669
0.12	0.9	113.023
0.12	0.93	-105.056
0.12	0.96	64.0528
0.12	0.99	0.1
0.13	0	0.1
0.13	0.03	1.05439e+16
0.13	0.06	-1.66838e+16
0.13	0.09	1.68785e+16
0.13	0.12	-1.28718e+16
0.13	0.15	7.75188e+15
0.13	0.18	-3.75764e+15
0.13	0.21	1.50308e+15
0.13	0.24	-5.29447e+14
0.13	0.27	1.57095e+14
0.13	0.3	4.63891e+13
0.13	0.33	-2.0822e+14
0.13	0.36	2.80451e+14
0.13	0.39	-2.30867e+14
0.13	0.42	1.36036e+14
0.13	0.45	-6.01079e+13
0.13	0.48	2.0164e+13
0.13	0.51	-5.1062e+12
0.13	0.54	9.56277e+11
0.13	0.57	-1.27537e+11
0.13	0.6	1.13586e+10
0.13	0.63	-6.00294e+08
0.13	0.66	1.41277e+07
0.13	0.69	26232.4
0.13	0.72	-18438.4
0.13	0.75	2101.48
0.13	0.78	-299.221
0.13	0.81	145.856
0.13	0.84	-214.541
0.13	0.87	307.119
0.13	0.9	-358.387
0.13	0.93	325.153
0.13	0.96	-194.905
0.13	0.99	0.1
0.14	0	0.1
0.14	0.03	-4.0914e+17
0.14	0.06	6.58759e+17
0.14	0.09	-6.86594e+17
0.14	0.12	5.46839e+17
0.14	0.15	-3.49284e+17
0.14	0.18	1.82578e+17
0.14	0.21	-7.9533e+16
0.14	0.24	2.96825e+16
0.14	0.27	-8.70121e+15
0.14	0.3	-1.55253e+15
0.14	0.33	8.05044e+15
0.14	0.36	-1.04805e+16
0.14	0.39	8.42936e+15
0.14	0.42	-4.90949e+15
0.14	0.45	2.16811e+15
0.14	0.48	-7.35635e+14
0.14	0.51	1.91071e+14
0.14	0.54	-3.73558e+13
0.14	0.57	5.32711e+12
0.14	0.6	-5.25853e+11
0.14	0.63	3.28587e+10
0.14	0.66	-1.09277e+09
0.14	0.69	1.56448e+07
0.14	0.72	54017.9
0.14	0.75	-23388
0.14	0.78	2862.75
0.14	0.81	-749.115
0.14	0.84	765.523
0.14	0.87	-1011.95
0.14	0.9	1140.55
0.14	0.93	-1012.18
0.14	0.96	599.609
0.14	0.99	0.1
0.15	0	0.1
0.15	0.03	1.60024e+19
0.15	0.06	-2.61552e+19
0.15	0.09	2.79666e+19
0.15	0.12	-2.31149e+19
0.15	0.15	1.55172e+19
0.15	0.18	-8.63935e+18
0.15	0.21	4.04632e+18
0.15	0.24	-1.61031e+18
0.15	0.27	4.97214e+17
0.15	0.3	2.57174e+16
0.15	0.33	-3.04549e+17
0.15	0.36	3.92425e+17
0.15	0.39	-3.09579e+17
0.15	0.42	1.78045e+17
0.15	0.45	-7.82926e+16
0.15	0.48	2.66947e+16
0.15	0.51	-7.04135e+15
0.15	0.54	1.41609e+15
0.15	0.57	-2.11197e+14
0.15	0.6	2.23068e+13
0.15	0.63	-1.54428e+12
0.15	0.66	6.06516e+10
0.15	0.69	-1.23325e+09
0.15	0.72	1.72912e+07
0.15	0.75	91786
0.15	0.78	-30318
0.15	0.81	4947
0.15	0.84	-2892.38
0.15	0.87	3354.7
0.15	0.9	-3643.04
0.15	0.93	3170.62
0.15	0.96	-1857.39
0.15	0.99	0.1
0.16	0	0.1
0.16	0.03	-6.30219e+20
0.16	0.06	1.04361e+21
0.16	0.09	-1.14096e+21
0.16	0.12	9.73703e+20
0.16	0.15	-6.82135e+20
0.16	0.18	4.00719e+20
0.16	0.21	-1.99757e+20
0.16	0.24	8.4658e+19
0.16	0.27	-2.81585e+19
0.16	0.3	1.59494e+18
0.16	0.33	1.11092e+19
0.16	0.36	-1.46621e+19
0.16	0.39	1.14215e+19
0.16	0.42	-6.48867e+18
0.16	0.45	2.83438e+18
0.16	0.48	-9.66718e+17
0.16	0.51	2.57137e+17
0.16	0.54	-5.26493e+16
0.16	0.57	8.09002e+15
0.16	0.6	-8.94162e+14
0.16	0.63	6.61971e+13
0.16	0.66	-2.8748e+12
0.16	0.69	6.89172e+10
0.16	0.72	-1.39131e+09
0.16	0.75	1.90665e+07
0.16	0.78	144536
0.16	0.81	-42946.7
0.16	0.84	12759.2
0.16	0.87	-11361.8
0.16	0.9	11703
0.16	0.93	-9986.79
0.16	0.96	5793.16
0.16	0.99	0.1
0.17	0	0.1
0.17	0.03	2.49704e+22
0.17	0.06	-4.18276e+22
0.17	0.09	4.66283e+22
0.17	0.12	-4.09207e+22
0.17	0.15	2.97478e+22
0.17	0.18	-1.83029e+22
0.17	0.21	9.63236e+21
0.17	0.24	-4.32903e+21
0.17	0.27	1.55595e+21
0.17	0.3	-2.23285e+20
0.17	0.33	-3.80953e+20
0.17	0.36	5.43355e+20
0.17	0.39	-4.22406e+20
0.17	0.42	2.37551e+20
0.17	0.45	-1.02961e+20
0.17	0.48	3.50176e+19
0.17	0.51	-9.34516e+18
0.17	0.54	1.93378e+18
0.17	0.57	-3.02954e+17
0.17	0.6	3.45194e+16
0.17	0.63	-2.67323e+15
0.17	0.66	1.23953e+14
0.17	0.69	-3.28e+12
0.17	0.72	7.82964e+10
0.17	0.75	-1.56904e+09
0.17	0.78	2.09607e+07
0.17	0.81	227263
0.17	0.84	-75937.4
0.17	0.87	41066.8
0.17	0.9	-38024.2
0.17	0.93	31646.2
0.17	0.96	-18176.8
0.17	0.99	0.1
0.18	0	0.1
0.18	0.03	-9.94678e+23
0.18	0.06	1.68322e+24
0.18	0.09	-1.90898e+24
0.18	0.12	1.71705e+24
0.18	0.15	-1.28935e+24
0.18	0.18	8.25986e+23
0.18	0.21	-4.55886e+23
0.18	0.24	2.16186e+23
0.18	0.27	-8.3602e+22
0.18	0.3	1.77942e+22
0.18	0.33	1.1641e+22
0.18	0.36	-1.97959e+22
0.18	0.39	1.5609e+22
0.18	0.42	-8.72776e+21
0.18	0.45	3.7542e+21
0.18	0.48	-1.27075e+21
0.18	0.51	3.39033e+20
0.18	0.54	-7.05252e+19
0.18	0.57	1.11809e+19
0.18	0.6	-1.29971e+18
0.18	0.63	1.03744e+17
0.18	0.66	-5.02627e+15
0.18	0.69	1.41821e+14
0.18	0.72	-3.74189e+12
0.18	0.75	8.8937e+10
0.18	0.78	-1.76875e+09
0.18	0.81	2.29275e+07
0.18	0.84	390957
0.18	0.87	-176817
0.18	0.9	127266
0.18	0.93	-101124
0.18	0.96	57378.7
0.18	0.99	0.1
0.19	0	0.1
0.19	0.03	3.98117e+25
0.19	0.06	-6.79845e+25
0.19	0.09	7.82936e+25
0.19	0.12	-7.19767e+25
0.19	0.15	5.56189e+25
0.19	0.18	-3.69208e+25
0.19	0.21	2.12546e+25
0.19	0.24	-1.05823e+25
0.19	0.27	4.374e+24
0.19	0.3	-1.1772e+24
0.19	0.33	-2.69289e+23
0.19	0.36	6.99495e+23
0.19	0.39	-5.73509e+23
0.19	0.42	3.21209e+23
0.19	0.45	-1.37371e+23
0.19	0.48	4.62413e+22
0.19	0.51	-1.23043e+22
0.19	0.54	2.5632e+21
0.19	0.57	-4.08996e+20
0.19	0.6	4.81428e+19
0.19	0.63	-3.92045e+18
0.19	0.66	1.95632e+17
0.19	0.69	-5.76224e+15
0.19	0.72	1.62251e+14
0.19	0.75	-4.26832e+12
0.19	0.78	1.01006e+11
0.19	0.81	-1.99286e+09
0.19	0.84	2.48007e+07
0.19	0.87	791913
0.19	0.9	-464371
0.19	0.93	328758
0.19	0.96	-182490
0.19	0.99	0.1
0.2	0	0.1
0.2	0.03	-1.60027e+27
0.2	0.06	2.75506e+27
0.2	0.09	-3.21669e+27
0.2	0.12	3.01542e+27
0.2	0.15	-2.39033e+27
0.2	0.18	1.63769e+27
0.2	0.21	-9.78882e+26
0.2	0.24	5.09342e+26
0.2	0.27	-2.23487e+26
0.2	0.3	7.05907e+25
0.2	0.33	4.07109e+23
0.2	0.36	-2.34247e+25
0.2	0.39	2.08026e+25
0.2	0.42	-1.18058e+25
0.2	0.45	5.03941e+24
0.2	0.48	-1.68788e+24
0.2	0.51	4.47343e+23
0.2	0.54	-9.30773e+22
0.2	0.57	1.48896e+22
0.2	0.6	-1.76518e+21
0.2	0.63	1.45579e+20
0.2	0.66	-7.40793e+18
0.2	0.69	2.24592e+17
0.2	0.72	-6.60554e+15
0.2	0.75	1.85608e+14
0.2	0.78	-4.86824e+12
0.2	0.81	1.14692e+11
0.2	0.84	-2.24372e+09
0.2	0.87	2.60724e+07
0.2	0.9	1.81275e+06
0.2	0.93	-1.12055e+06
0.2	0.96	588329
0.2	0.99	0.1
0.21	0	0.1
0.21	0.03	6.45732e+28
0.21	0.06	-1.1199e+29
0.21	0.09	1.32382e+29
0.21	0.12	-1.26294e+29
0.21	0.15	1.02429e+29
0.21	0.18	-7.21912e+28
0.21	0.21	4.463e+28
0.21	0.24	-2.4169e+28
0.21	0.27	1.11866e+28
0.21	0.3	-3.97675e+27
0.21	0.33	5.15427e+26
0.21	0.36	7.08966e+26
0.21	0.39	-7.36884e+26
0.21	0.42	4.31355e+26
0.21	0.45	-1.84981e+26
0.21	0.48	6.17775e+25
0.21	0.51	-1.63051e+25
0.21	0.54	3.383e+24
0.21	0.57	-5.41062e+23
0.21	0.6	6.4349e+22
0.21	0.63	-5.34629e+21
0.21	0.66	2.75461e+20
0.21	0.69	-8.51287e+18
0.21	0.72	2.57827e+17
0.21	0.75	-7.57175e+15
0.21	0.78	2.12309e+14
0.21	0.81	-5.55183e+12
0.21	0.84	1.30207e+11
0.21	0.87	-2.52288e+09
0.21	0.9	2.55087e+07
0.21	0.93	4.03743e+06
0.21	0.96	-1.96412e+06
0.21	0.99	0.1
0.22	0	0.1
0.22	0.03	-2.61472e+30
0.22	0.06	4.56507e+30
0.22	0.09	-5.45704e+30
0.22	0.12	5.28926e+30
0.22	0.15	-4.37917e+30
0.22	0.18	3.16605e+30
0.22	0.21	-2.01782e+30
0.22	0.24	1.1331e+30
0.22	0.27	-5.50135e+29
0.22	0.3	2.14418e+29
0.22	0.33	-4.72473e+28
0.22	0.36	-1.69327e+28
0.22	0.39	2.50409e+28
0.22	0.42	-1.55604e+28
0.22	0.45	6.77252e+27
0.22	0.48	-2.26445e+27
0.22	0.51	5.95849e+26
0.22	0.54	-1.23205e+26
0.22	0.57	1.96654e+25
0.22	0.6	-2.33978e+24
0.22	0.63	1.95081e+23
0.22	0.66	-1.01252e+22
0.22	0.69	3.16759e+20
0.22	0.72	-9.78228e+18
0.22	0.75	2.95964e+17
0.22	0.78	-8.67872e+15
0.22	0.81	2.42829e+14
0.22	0.84	-6.33065e+12
0.22	0.87	1.47787e+11
0.22	0.9	-2.82989e+09
0.22	0.93	2.1226e+07
0.22	0.96	6.88663e+06
0.22	0.99	0.1
0.23	0	0.1
0.23	0.03	1.06213e+32
0.23	0.06	-1.86567e+32
0.23	0.09	2.25303e+32
0.23	0.12	-2.21541e+32
0.23	0.15	1.86884e+32
0.23	0.18	-1.38268e+32
0.23	0.21	9.05909e+31
0.23	0.24	-5.25798e+31
0.23	0.27	2.66476e+31
0.23	0.3	-1.1188e+31
0.23	0.33	3.19697e+30
0.23	0.36	1.08531e+29
0.23	0.39	-7.8924e+29
0.23	0.42	5.48401e+29
0.23	0.45	-2.46104e+29
0.23	0.48	8.29332e+28
0.23	0.51	-2.18149e+28
0.23	0.54	4.49766e+27
0.23	0.57	-7.15861e+26
0.23	0.6	8.50501e+25
0.23	0.63	-7.09654e+24
0.23	0.66	3.69654e+23
0.23	0.69	-1.16482e+22
0.23	0.72	3.64239e+20
0.23	0.75	-1.12406e+19
0.23	0.78	3.39726e+17
0.23	0.81	-9.94684e+15
0.23	0.84	2.77712e+14
0.23	0.87	-7.21782e+12
0.23	0.9	1.6769e+11
0.23	0.93	-3.16261e+09
0.23	0.96	1.51675e+07
0.23	0.99	0.1
0.24	0	0.1
0.24	0.03	-4.32705e+33
0.24	0.06	7.64289e+33
0.24	0.09	-9.31597e+33
0.24	0.12	9.28145e+33
0.24	0.15	-7.96397e+33
0.24	0.18	6.01741e+33
0.24	0.21	-4.04308e+33
0.24	0.24	2.41851e+33
0.24	0.27	-1.27405e+33
0.24	0.3	5.6904e+32
0.24	0.33	-1.90952e+32
0.24	0.36	2.36826e+31
0.24	0.39	2.12544e+31
0.24	0.42	-1.8558e+31
0.24	0.45	8.81089e+30
0.24	0.48	-3.02345e+30
0.24	0.51	7.9877e+29
0.24	0.54	-1.64517e+29
0.24	0.57	2.61152e+28
0.24	0.6	-3.09523e+27
0.24	0.63	2.57984e+26
0.24	0.66	-1.34507e+25
0.24	0.69	4.25369e+23
0.24	0.72	-1.34001e+22
0.24	0.75	4.18826e+20
0.24	0.78	-1.29158e+19
0.24	0.81	3.89939e+17
0.24	0.84	-1.13995e+16
0.24	0.87	3.17577e+14
0.24	0.9	-8.22827e+12
0.24	0.93	1.90204e+11
0.24	0.96	-3.53255e+09
0.24	0.99	0.1
0.25	0	0.1
0.25	0.03	1.76751e+35
0.25	0.06	-3.13788e+35
0.25	0.09	3.85754e+35
0.25	0.12	-3.88972e+35
0.25	0.15	3.39e+35
0.25	0.18	-2.61114e+35
0.25	0.21	1.79536e+35
0.25	0.24	-1.10405e+35
0.25	0.27	6.02332e+34
0.25	0.3	-2.83541e+34
0.25	0.33	1.06382e+34
0.25	0.36	-2.31215e+33
0.25	0.39	-3.47396e+32
0.25	0.42	5.83461e+32
0.25	0.45	-3.07211e+32
0.25	0.48	1.09095e+32
0.25	0.51	-2.91638e+31
0.25	0.54	6.02177e+30
0.25	0.57	-9.54627e+29
0.25	0.6	1.12868e+29
0.25	0.63	-9.38761e+27
0.25	0.66	4.89013e+26
0.25	0.69	-1.548e+25
0.25	0.72	4.89475e+23
0.25	0.75	-1.54153e+22
0.25	0.78	4.81582e+20
0.25	0.81	-1.48401e+19
0.25	0.84	4.47552e+17
0.25	0.87	-1.30634e+16
0.25	0.9	3.63131e+14
0.25	0.93	-9.37892e+12
0.25	0.96	2.15655e+11
0.25	0.99	0.1
0.26	0	0.1
0.26	0.03	-7.23758e+36
0.26	0.06	1.29093e+37
0.26	0.09	-1.5995e+37
0.26	0.12	1.63077e+37
0.26	0.15	-1.44175e+37
0.26	0.18	1.13029e+37
0.26	0.21	-7.93814e+36
0.26	0.24	5.00714e+36
0.26	0.27	-2.82005e+36
0.26	0.3	1.3892e+36
0.26	0.33	-5.66503e+35
0.26	0.36	1.58191e+35
0.26	0.39	-1.05428e+34
0.26	0.42	-1.57395e+34
0.26	0.45	1.02285e+34
0.26	0.48	-3.8622e+33
0.26	0.51	1.05679e+33
0.26	0.54	-2.20013e+32
0.26	0.57	3.49301e+31
0.26	0.6	-4.12396e+30
0.26	0.63	3.4223e+29
0.26	0.66	-1.77933e+28
0.26	0.69	5.62812e+26
0.26	0.72	-1.78153e+25
0.26	0.75	5.63237e+23
0.26	0.78	-1.77332e+22
0.26	0.81	5.53726e+20
0.26	0.84	-1.70506e+19
0.26	0.87	5.13649e+17
0.26	0.9	-1.49691e+16
0.26	0.93	4.15182e+14
0.26	0.96	-1.06846e+13
0.26	0.99	0.1
0.27	0	0.1
0.27	0.03	2.97034e+38
0.27	0.06	-5.32104e+38
0.27	0.09	6.64083e+38
0.27	0.12	-6.84002e+38
0.27	0.15	6.12757e+38
0.27	0.18	-4.8827e+38
0.27	0.21	3.49688e+38
0.27	0.24	-2.25798e+38
0.27	0.27	1.30918e+38
0.27	0.3	-6.71103e+37
0.27	0.33	2.92157e+37
0.27	0.36	-9.4561e+36
0.27	0.39	1.60212e+36
0.27	0.42	2.6353e+35
0.27	0.45	-3.12688e+35
0.27	0.48	1.32268e+35
0.27	0.51	-3.77358e+34
0.27	0.54	7.99185e+33
0.27	0.57	-1.27663e+33
0.27	0.6	1.50856e+32
0.27	0.63	-1.25009e+31
0.27	0.66	6.48574e+29
0.27	0.69	-2.0478e+28
0.27	0.72	6.47747e+26
0.27	0.75	-2.05029e+25
0.27	0.78	6.48108e+23
0.27	0.81	-2.03993e+22
0.27	0.84	6.36661e+20
0.27	0.87	-1.95895e+19
0.27	0.9	5.89479e+17
0.27	0.93	-1.71517e+16
0.27	0.96	4.74372e+14
0.27	0.99	0.1
0.28	0	0.1
0.28	0.03	-1.2216e+40
0.28	0.06	2.19715e+40
0.28	0.09	-2.76056e+40
0.28	0.12	2.87031e+40
0.28	0.15	-2.60293e+40
0.28	0.18	2.1056e+40
0.28	0.21	-1.53552e+40
0.28	0.24	1.0132e+40
0.28	0.27	-6.03292e+39
0.28	0.3	3.2035e+39
0.28	0.33	-1.47076e+39
0.28	0.36	5.25694e+38
0.28	0.39	-1.20644e+38
0.28	0.42	7.09523e+36
0.28	0.45	7.91911e+36
0.28	0.48	-4.27153e+36
0.28	0.51	1.31298e+36
0.28	0.54	-2.86848e+35
0.28	0.57	4.64392e+34
0.28	0.6	-5.5143e+33
0.28	0.63	4.57203e+32
0.28	0.66	-2.36873e+31
0.28	0.69	7.46386e+29
0.28	0.72	-2.35678e+28
0.28	0.75	7.45498e+26
0.28	0.78	-2.35958e+25
0.28	0.81	7.4576e+23
0.28	0.84	-2.34657e+22
0.28	0.87	7.31999e+20
0.28	0.9	-2.25057e+19
0.28	0.93	6.76466e+17
0.28	0.96	-1.96372e+16
0.28	0.99	0.1
0.29	0	0.1
0.29	0.03	5.03379e+41
0.29	0.06	-9.08747e+41
0.29	0.09	1.1489e+42
0.29	0.12	-1.20509e+42
0.29	0.15	1.10528e+42
0.29	0.18	-9.06683e+41
0.29	0.21	6.72406e+41
0.29	0.24	-4.5267e+41
0.29	0.27	2.76204e+41
0.29	0.3	-1.51359e+41
0.29	0.33	7.26482e+40
0.29	0.36	-2.79137e+40
0.29	0.39	7.51262e+39
0.29	0.42	-1.13021e+39
0.29	0.45	-9.69924e+37
0.29	0.48	1.23018e+38
0.29	0.51	-4.3669e+37
0.29	0.54	1.00768e+37
0.29	0.57	-1.67216e+36
0.29	0.6	2.00763e+35
0.29	0.63	-1.67133e+34
0.29	0.66	8.66245e+32
0.29	0.69	-2.72577e+31
0.29	0.72	8.58952e+29
0.29	0.75	-2.71238e+28
0.29	0.78	8.57999e+26
0.29	0.81	-2.71551e+25
0.29	0.84	8.58116e+23
0.29	0.87	-2.69927e+22
0.29	0.9	8.41591e+20
0.29	0.93	-2.58549e+19
0.29	0.96	7.7563e+17
0.29	0.99	0.1
0.3	0	0.1
0.3	0.03	-2.078e+43
0.3	0.06	3.76443e+43
0.3	0.09	-4.78694e+43
0.3	0.12	5.06211e+43
0.3	0.15	-4.69206e+43
0.3	0.18	3.89939e+43
0.3	0.21	-2.93739e+43
0.3	0.24	2.01468e+43
0.3	0.27	-1.25731e+43
0.3	0.3	7.08832e+42
0.3	0.33	-3.53368e+42
0.3	0.36	1.43547e+42
0.3	0.39	-4.27058e+41
0.3	0.42	8.55779e+40
0.3	0.45	-6.65233e+39
0.3	0.48	-2.64617e+39
0.3	0.51	1.33649e+39
0.3	0.54	-3.41048e+38
0.3	0.57	5.90967e+37
0.3	0.6	-7.2434e+36
0.3	0.63	6.08797e+35
0.3	0.66	-3.16669e+34
0.3	0.69	9.96764e+32
0.3	0.72	-3.13663e+31
0.3	0.75	9.88495e+29
0.3	0.78	-3.12164e+28
0.3	0.81	9.87475e+26
0.3	0.84	-3.12512e+25
0.3	0.87	9.87388e+23
0.3	0.9	-3.10492e+22
0.3	0.93	9.67563e+20
0.3	0.96	-2.96757e+19
0.3	0.99	0.1
0.31	0	0.1
0.31	0.03	8.59268e+44
0.31	0.06	-1.56167e+45
0.31	0.09	1.99662e+45
0.31	0.12	-2.12751e+45
0.31	0.15	1.99148e+45
0.31	0.18	-1.67525e+45
0.31	0.21	1.2805e+45
0.31	0.24	-8.93637e+44
0.31	0.27	5.69441e+44
0.31	0.3	-3.29394e+44
0.31	0.33	1.69701e+44
0.31	0.36	-7.2081e+43
0.31	0.39	2.29947e+43
0.31	0.42	-5.33469e+42
0.31	0.45	7.6912e+41
0.31	0.48	-2.81449e+39
0.31	0.51	-3.41026e+40
0.31	0.54	1.07976e+40
0.31	0.57	-2.02194e+39
0.31	0.6	2.56964e+38
0.31	0.63	-2.19911e+37
0.31	0.66	1.15379e+36
0.31	0.69	-3.64386e+34
0.31	0.72	1.14695e+33
0.31	0.75	-3.60943e+31
0.31	0.78	1.13758e+30
0.31	0.81	-3.59265e+28
0.31	0.84	1.13649e+27
0.31	0.87	-3.59648e+25
0.31	0.9	1.13612e+24
0.31	0.93	-3.57147e+22
0.31	0.96	1.11134e+21
0.31	0.99	0.1
0.32	0	0.1
0.32	0.03	-3.55874e+46
0.32	0.06	6.48741e+46
0.32	0.09	-8.33636e+46
0.32	0.12	8.94628e+46
0.32	0.15	-8.45166e+46
0.32	0.18	7.19079e+46
0.32	0.21	-5.57182e+46
0.32	0.24	3.95198e+46
0.32	0.27	-2.5674e+46
0.32	0.3	1.52032e+46
0.32	0.33	-8.06227e+45
0.32	0.36	3.55289e+45
0.32	0.39	-1.19392e+45
0.32	0.42	3.03225e+44
0.32	0.45	-5.4657e+43
0.32	0.48	5.30104e+42
0.32	0.51	4.42921e+41
0.32	0.54	-2.98645e+41
0.32	0.57	6.53341e+40
0.32	0.6	-8.85187e+39
0.32	0.63	7.81929e+38
0.32	0.66	-4.17031e+37
0.32	0.69	1.32779e+36
0.32	0.72	-4.19292e+34
0.32	0.75	1.31977e+33
0.32	0.78	-4.15351e+31
0.32	0.81	1.30915e+30
0.32	0.84	-4.13474e+28
0.32	0.87	1.30798e+27
0.32	0.9	-4.13892e+25
0.32	0.93	1.30724e+24
0.32	0.96	-4.10413e+22
0.32	0.99	0.1
0.33	0	0.1
0.33	0.03	1.47607e+48
0.33	0.06	-2.69845e+48
0.33	0.09	3.48402e+48
0.33	0.12	-3.76394e+48
0.33	0.15	3.58664e+48
0.33	0.18	-3.08421e+48
0.33	0.21	2.42055e+48
0.33	0.24	-1.74306e+48
0.33	0.27	1.15289e+48
0.33	0.3	-6.97493e+47
0.33	0.33	3.795e+47
0.33	0.36	-1.7252e+47
0.33	0.39	6.03783e+46
0.33	0.42	-1.63198e+46
0.33	0.45	3.3136e+45
0.33	0.48	-4.58855e+44
0.33	0.51	2.62171e+43
0.33	0.54	5.6283e+42
0.33	0.57	-1.88937e+42
0.33	0.6	2.89639e+41
0.33	0.63	-2.70465e+40
0.33	0.66	1.48459e+39
0.33	0.69	-4.80062e+37
0.33	0.72	1.52804e+36
0.33	0.75	-4.82472e+34
0.33	0.78	1.51863e+33
0.33	0.81	-4.77961e+31
0.33	0.84	1.5066e+30
0.33	0.87	-4.75862e+28
0.33	0.9	1.50535e+27
0.33	0.93	-4.76313e+25
0.33	0.96	1.50266e+24
0.33	0.99	0.1
0.34	0	0.1
0.34	0.03	-6.13082e+49
0.34	0.06	1.12379e+50
0.34	0.09	-1.45743e+50
0.34	0.12	1.58442e+50
0.34	0.15	-1.52207e+50
0.34	0.18	1.322e+50
0.34	0.21	-1.05006e+50
0.34	0.24	7.66965e+49
0.34	0.27	-5.15842e+49
0.34	0.3	3.1829e+49
0.34	0.33	-1.77206e+49
0.34	0.36	8.27407e+48
0.34	0.39	-2.99259e+48
0.34	0.42	8.46918e+47
0.34	0.45	-1.85364e+47
0.34	0.48	3.00298e+46
0.34	0.51	-3.13978e+45
0.34	0.54	7.5704e+43
0.34	0.57	4.13686e+43
0.34	0.6	-8.5978e+42
0.34	0.63	8.91614e+41
0.34	0.66	-5.14608e+40
0.34	0.69	1.70991e+39
0.34	0.72	-5.52614e+37
0.34	0.75	1.75848e+36
0.34	0.78	-5.55172e+34
0.34	0.81	1.74746e+33
0.34	0.84	-5.5001e+31
0.34	0.87	1.73383e+30
0.34	0.9	-5.47663e+28
0.34	0.93	1.7325e+27
0.34	0.96	-5.47603e+25
0.34	0.99	0.1
0.35	0	0.1
0.35	0.03	2.54976e+51
0.35	0.06	-4.68551e+51
0.35	0.09	6.10211e+51
0.35	0.12	-6.67305e+51
0.35	0.15	6.45953e+51
0.35	0.18	-5.66351e+51
0.35	0.21	4.54953e+51
0.35	0.24	-3.36756e+51
0.35	0.27	2.30057e+51
0.35	0.3	-1.44553e+51
0.35	0.33	8.21661e+50
0.35	0.36	-3.927e+50
0.35	0.39	1.45971e+50
0.35	0.42	-4.28097e+49
0.35	0.45	9.87229e+48
0.35	0.48	-1.74996e+48
0.35	0.51	2.24671e+47
0.35	0.54	-1.73469e+46
0.35	0.57	-2.83629e+43
0.35	0.6	2.03131e+44
0.35	0.63	-2.68704e+43
0.35	0.66	1.70304e+42
0.35	0.69	-5.933e+40
0.35	0.72	1.9694e+39
0.35	0.75	-6.36125e+37
0.35	0.78	2.02366e+36
0.35	0.81	-6.38827e+34
0.35	0.84	2.01077e+33
0.35	0.87	-6.32922e+31
0.35	0.9	1.99534e+30
0.35	0.93	-6.30298e+28
0.35	0.96	1.99193e+27
0.35	0.99	0.1
0.36	0	0.1
0.36	0.03	-1.06173e+53
0.36	0.06	1.95569e+53
0.36	0.09	-2.55706e+53
0.36	0.12	2.81191e+53
0.36	0.15	-2.74158e+53
0.36	0.18	2.42515e+53
0.36	0.21	-1.96896e+53
0.36	0.24	1.47579e+53
0.36	0.27	-1.02302e+53
0.36	0.3	6.53689e+52
0.36	0.33	-3.78623e+52
0.36	0.36	1.84719e+52
0.36	0.39	-7.02751e+51
0.36	0.42	2.12096e+51
0.36	0.45	-5.08491e+50
0.36	0.48	9.56188e+49
0.36	0.51	-1.3654e+49
0.36	0.54	1.37298e+48
0.36	0.57	-7.62558e+46
0.36	0.6	-1.4403e+45
0.36	0.63	6.61226e+44
0.36	0.66	-5.17217e+43
0.36	0.69	1.96697e+42
0.36	0.72	-6.83999e+40
0.36	0.75	2.26822e+39
0.36	0.78	-7.32249e+37
0.36	0.81	2.32883e+36
0.36	0.84	-7.35087e+34
0.36	0.87	2.31376e+33
0.36	0.9	-7.28335e+31
0.36	0.93	2.2963e+30
0.36	0.96	-7.24677e+28
0.36	0.99	0.1
0.37	0	0.1
0.37	0.03	4.4262e+54
0.37	0.06	-8.17128e+54
0.37	0.09	1.0724e+55
0.37	0.12	-1.18549e+55
0.37	0.15	1.16372e+55
0.37	0.18	-1.03807e+55
0.37	0.21	8.51296e+54
0.37	0.24	-6.45639e+54
0.37	0.27	4.53717e+54
0.37	0.3	-2.94465e+54
0.37	0.33	1.73509e+54
0.37	0.36	-8.62148e+53
0.37	0.39	3.34639e+53
0.37	0.42	-1.03422e+53
0.37	0.45	2.55576e+52
0.37	0.48	-5.013e+51
0.37	0.51	7.64601e+50
0.37	0.54	-8.69579e+49
0.37	0.57	6.72273e+48
0.37	0.6	-2.60383e+47
0.37	0.63	-6.82841e+45
0.37	0.66	1.29841e+45
0.37	0.69	-5.99486e+43
0.37	0.72	2.27164e+42
0.37	0.75	-7.88536e+40
0.37	0.78	2.61233e+39
0.37	0.81	-8.42891e+37
0.37	0.84	2.68e+36
0.37	0.87	-8.45852e+34
0.37	0.9	2.66242e+33
0.37	0.93	-8.38132e+31
0.37	0.96	2.64001e+30
0.37	0.99	0.1
0.38	0	0.1
0.38	0.03	-1.84726e+56
0.38	0.06	3.41748e+56
0.38	0.09	-4.501e+56
0.38	0.12	5.00045e+56
0.38	0.15	-4.94029e+56
0.38	0.18	4.44191e+56
0.38	0.21	-3.67742e+56
0.38	0.24	2.8202e+56
0.38	0.27	-2.00745e+56
0.38	0.3	1.32184e+56
0.38	0.33	-7.91202e+55
0.38	0.36	3.99657e+55
0.38	0.39	-1.57868e+55
0.38	0.42	4.9779e+54
0.38	0.45	-1.2606e+54
0.38	0.48	2.55281e+53
0.38	0.51	-4.07413e+52
0.38	0.54	4.98058e+51
0.38	0.57	-4.4235e+50
0.38	0.6	2.55102e+49
0.38	0.63	-6.59938e+47
0.38	0.66	-1.5406e+46
0.38	0.69	1.51847e+45
0.38	0.72	-6.94736e+43
0.38	0.75	2.62332e+42
0.38	0.78	-9.09016e+40
0.38	0.81	3.00858e+39
0.38	0.84	-9.7024e+37
0.38	0.87	3.08412e+36
0.38	0.9	-9.73308e+34
0.38	0.93	3.06361e+33
0.38	0.96	-9.63525e+31
0.38	0.99	0.1
0.39	0	0.1
0.39	0.03	7.7175e+57
0.39	0.06	-1.43063e+58
0.39	0.09	1.89054e+58
0.39	0.12	-2.11024e+58
0.39	0.15	2.09759e+58
0.39	0.18	-1.9002e+58
0.39	0.21	1.58733e+58
0.39	0.24	-1.23016e+58
0.39	0.27	8.86252e+57
0.39	0.3	-5.91485e+57
0.39	0.33	3.59188e+57
0.39	0.36	-1.84149e+57
0.39	0.39	7.38758e+56
0.39	0.42	-2.37e+56
0.39	0.45	6.12483e+55
0.39	0.48	-1.27199e+55
0.39	0.51	2.09896e+54
0.39	0.54	-2.69212e+53
0.39	0.57	2.58371e+52
0.39	0.6	-1.73379e+51
0.39	0.63	7.06968e+49
0.39	0.66	-1.12069e+48
0.39	0.69	-1.90509e+46
0.39	0.72	1.77502e+45
0.39	0.75	-8.05002e+43
0.39	0.78	3.02925e+42
0.39	0.81	-1.04787e+41
0.39	0.84	3.46488e+39
0.39	0.87	-1.11682e+38
0.39	0.9	3.54916e+36
0.39	0.93	-1.11997e+35
0.39	0.96	3.52178e+33
0.39	0.99	0.1
0.4	0	0.1
0.4	0.03	-3.22741e+59
0.4	0.06	5.99421e+59
0.4	0.09	-7.94643e+59
0.4	0.12	8.90964e+59
0.4	0.15	-8.90759e+59
0.4	0.18	8.12699e+59
0.4	0.21	-6.84685e+59
0.4	0.24	5.3591e+59
0.4	0.27	-3.90488e+59
0.4	0.3	2.63908e+59
0.4	0.33	-1.62409e+59
0.4	0.36	8.43939e+58
0.4	0.39	-3.43274e+58
0.4	0.42	1.11795e+58
0.4	0.45	-2.93923e+57
0.4	0.48	6.23094e+56
0.4	0.51	-1.05511e+56
0.4	0.54	1.40086e+55
0.4	0.57	-1.41341e+54
0.4	0.6	1.02875e+53
0.4	0.63	-4.92234e+51
0.4	0.66	1.27298e+50
0.4	0.69	-1.21996e+48
0.4	0.72	-2.34266e+46
0.4	0.75	2.074e+45
0.4	0.78	-9.32635e+43
0.4	0.81	3.49775e+42
0.4	0.84	-1.20789e+41
0.4	0.87	3.99031e+39
0.4	0.9	-1.28554e+38
0.4	0.93	4.08431e+36
0.4	0.96	-1.28745e+35
0.4	0.99	0.1
0.41	0	0.1
0.41	0.03	1.35095e+61
0.41	0.06	-2.51364e+61
0.41	0.09	3.34239e+61
0.41	0.12	-3.76349e+61
0.41	0.15	3.78335e+61
0.41	0.18	-3.47522e+61
0.41	0.21	2.95151e+61
0.41	0.24	-2.33196e+61
0.41	0.27	1.71739e+61
0.41	0.3	-1.1744e+61
0.41	0.33	7.31671e+60
0.41	0.36	-3.84906e+60
0.41	0.39	1.58515e+60
0.41	0.42	-5.23133e+59
0.41	0.45	1.3959e+59
0.41	0.48	-3.01048e+58
0.41	0.51	5.2047e+57
0.41	0.54	-7.09429e+56
0.41	0.57	7.41501e+55
0.41	0.6	-5.68066e+54
0.41	0.63	2.95376e+53
0.41	0.66	-8.99202e+51
0.41	0.69	1.42907e+50
0.41	0.72	-1.32457e+48
0.41	0.75	-2.86681e+46
0.41	0.78	2.42232e+45
0.41	0.81	-1.08035e+44
0.41	0.84	4.03846e+42
0.41	0.87	-1.39229e+41
0.41	0.9	4.59534e+39
0.41	0.93	-1.47972e+38
0.41	0.96	4.69548e+36
0.41	0.99	0.1
0.42	0	0.1
0.42	0.03	-5.65995e+62
0.42	0.06	1.05493e+63
0.42	0.09	-1.40679e+63
0.42	0.12	1.59045e+63
0.42	0.15	-1.60721e+63
0.42	0.18	1.48584e+63
0.42	0.21	-1.27162e+63
0.42	0.24	1.01366e+63
0.42	0.27	-7.54063e+62
0.42	0.3	5.21352e+62
0.42	0.33	-3.28533e+62
0.42	0.36	1.74785e+62
0.42	0.39	-7.27921e+61
0.42	0.42	2.43081e+61
0.42	0.45	-6.57062e+60
0.42	0.48	1.43795e+60
0.42	0.51	-2.52901e+59
0.42	0.54	3.51977e+58
0.42	0.57	-3.77762e+57
0.42	0.6	2.99887e+56
0.42	0.63	-1.64175e+55
0.42	0.66	5.43122e+53
0.42	0.69	-1.01673e+52
0.42	0.72	1.60373e+50
0.42	0.75	-1.43402e+48
0.42	0.78	-3.49341e+46
0.42	0.81	2.82799e+45
0.42	0.84	-1.2513e+44
0.42	0.87	4.66245e+42
0.42	0.9	-1.6048e+41
0.42	0.93	5.29201e+39
0.42	0.96	-1.70153e+38
0.42	0.99	0.1
0.43	0	0.1
0.43	0.03	2.37332e+64
0.43	0.06	-4.43079e+64
0.43	0.09	5.92483e+64
0.43	0.12	-6.72417e+64
0.43	0.15	6.82895e+64
0.43	0.18	-6.35198e+64
0.43	0.21	5.47587e+64
0.43	0.24	-4.40197e+64
0.43	0.27	3.30586e+64
0.43	0.3	-2.30931e+64
0.43	0.33	1.47071e+64
0.43	0.36	-7.90568e+63
0.43	0.39	3.32611e+63
0.43	0.42	-1.12253e+63
0.43	0.45	3.06904e+62
0.43	0.48	-6.80207e+61
0.43	0.51	1.21375e+61
0.43	0.54	-1.71828e+60
0.43	0.57	1.88286e+59
0.43	0.6	-1.5347e+58
0.43	0.63	8.70438e+56
0.43	0.66	-3.03008e+55
0.43	0.69	6.16074e+53
0.43	0.72	-1.14946e+52
0.43	0.75	1.79906e+50
0.43	0.78	-1.54751e+48
0.43	0.81	-4.24111e+46
0.43	0.84	3.30033e+45
0.43	0.87	-1.4491e+44
0.43	0.9	5.38252e+42
0.43	0.93	-1.84969e+41
0.43	0.96	6.08797e+39
0.43	0.99	0.1
0.44	0	0.1
0.44	0.03	-9.9598e+65
0.44	0.06	1.86233e+66
0.44	0.09	-2.49682e+66
0.44	0.12	2.84411e+66
0.44	0.15	-2.90216e+66
0.44	0.18	2.71523e+66
0.44	0.21	-2.35698e+66
0.44	0.24	1.90994e+66
0.44	0.27	-1.44727e+66
0.44	0.3	1.02082e+66
0.44	0.33	-6.56547e+65
0.44	0.36	3.56299e+65
0.44	0.39	-1.513e+65
0.44	0.42	5.15515e+64
0.44	0.45	-1.42382e+64
0.44	0.48	3.19088e+63
0.44	0.51	-5.76495e+62
0.44	0.54	8.27856e+61
0.44	0.57	-9.22555e+60
0.44	0.6	7.67564e+59
0.44	0.63	-4.46828e+58
0.44	0.66	1.61045e+57
0.44	0.69	-3.44333e+55
0.44	0.72	6.98776e+53
0.44	0.75	-1.29933e+52
0.44	0.78	2.0174e+50
0.44	0.81	-1.66395e+48
0.44	0.84	-5.13182e+46
0.44	0.87	3.85013e+45
0.44	0.9	-1.67795e+44
0.44	0.93	6.21342e+42
0.44	0.96	-2.12961e+41
0.44	0.99	0.1
0.45	0	0.1
0.45	0.03	4.18294e+67
0.45	0.06	-7.83316e+67
0.45	0.09	1.05282e+68
0.45	0.12	-1.20347e+68
0.45	0.15	1.23361e+68
0.45	0.18	-1.16058e+68
0.45	0.21	1.01411e+68
0.45	0.24	-8.28028e+67
0.45	0.27	6.32784e+67
0.45	0.3	-4.50398e+67
0.45	0.33	2.92347e+67
0.45	0.36	-1.60054e+67
0.45	0.39	6.85454e+66
0.45	0.42	-2.35577e+66
0.45	0.45	6.56597e+65
0.45	0.48	-1.48599e+65
0.45	0.51	2.71393e+64
0.45	0.54	-3.94497e+63
0.45	0.57	4.45827e+62
0.45	0.6	-3.77115e+61
0.45	0.63	2.23999e+60
0.45	0.66	-8.2814e+58
0.45	0.69	1.83225e+57
0.45	0.72	-3.91277e+55
0.45	0.75	7.92522e+53
0.45	0.78	-1.46855e+52
0.45	0.81	2.26132e+50
0.45	0.84	-1.78184e+48
0.45	0.87	-6.19124e+46
0.45	0.9	4.48991e+45
0.45	0.93	-1.9427e+44
0.45	0.96	7.16409e+42
0.45	0.99	0.1
0.46	0	0.1
0.46	0.03	-1.75806e+69
0.46	0.06	3.29694e+69
0.46	0.09	-4.44185e+69
0.46	0.12	5.0945e+69
0.46	0.15	-5.24471e+69
0.46	0.18	4.96048e+69
0.46	0.21	-4.36174e+69
0.46	0.24	3.58714e+69
0.46	0.27	-2.76338e+69
0.46	0.3	1.98377e+69
0.46	0.33	-1.2987e+69
0.46	0.36	7.16826e+68
0.46	0.39	-3.09394e+68
0.46	0.42	1.07173e+68
0.46	0.45	-3.01172e+67
0.46	0.48	6.87599e+66
0.46	0.51	-1.2678e+66
0.46	0.54	1.86241e+65
0.46	0.57	-2.12991e+64
0.46	0.6	1.82649e+63
0.46	0.63	-1.10257e+62
0.46	0.66	4.15697e+60
0.46	0.69	-9.42984e+58
0.46	0.72	2.08453e+57
0.46	0.75	-4.44602e+55
0.46	0.78	8.9878e+53
0.46	0.81	-1.65956e+52
0.46	0.84	2.53367e+50
0.46	0.87	-1.89916e+48
0.46	0.9	-7.44951e+46
0.46	0.93	5.23419e+45
0.46	0.96	-2.24612e+44
0.46	0.99	0.1
0.47	0	0.1
0.47	0.03	7.39427e+70
0.47	0.06	-1.38856e+71
0.47	0.09	1.87504e+71
0.47	0.12	-2.15745e+71
0.47	0.15	2.23026e+71
0.47	0.18	-2.12011e+71
0.47	0.21	1.87539e+71
0.47	0.24	-1.55295e+71
0.47	0.27	1.20544e+71
0.47	0.3	-8.72342e+70
0.47	0.33	5.7568e+70
0.47	0.36	-3.20158e+70
0.47	0.39	1.39181e+70
0.47	0.42	-4.856e+69
0.47	0.45	1.3748e+69
0.47	0.48	-3.16355e+68
0.47	0.51	5.88253e+67
0.47	0.54	-8.72169e+66
0.47	0.57	1.00773e+66
0.47	0.6	-8.74234e+64
0.47	0.63	5.34812e+63
0.47	0.66	-2.04825e+62
0.47	0.69	4.73642e+60
0.47	0.72	-1.07373e+59
0.47	0.75	2.37149e+57
0.47	0.78	-5.05171e+55
0.47	0.81	1.01921e+54
0.47	0.84	-1.87513e+52
0.47	0.87	2.83757e+50
0.47	0.9	-2.01331e+48
0.47	0.93	-8.94192e+46
0.47	0.96	6.09029e+45
0.47	0.99	0.1
0.48	0	0.1
0.48	0.03	-3.11208e+72
0.48	0.06	5.85181e+72
0.48	0.09	-7.91927e+72
0.48	0.12	9.14004e+72
0.48	0.15	-9.48596e+72
0.48	0.18	9.06118e+72
0.48	0.21	-8.06118e+72
0.48	0.24	6.71886e+72
0.48	0.27	-5.25298e+72
0.48	0.3	3.83033e+72
0.48	0.33	-2.54672e+72
0.48	0.36	1.4263e+72
0.48	0.39	-6.24174e+71
0.48	0.42	2.19216e+71
0.48	0.45	-6.2485e+70
0.48	0.48	1.44809e+70
0.48	0.51	-2.71314e+69
0.48	0.54	4.05566e+68
0.48	0.57	-4.72818e+67
0.48	0.6	4.14289e+66
0.48	0.63	-2.56304e+65
0.48	0.66	9.94359e+63
0.48	0.69	-2.33492e+62
0.48	0.72	5.39656e+60
0.48	0.75	-1.22258e+59
0.48	0.78	2.69786e+57
0.48	0.81	-5.73967e+55
0.48	0.84	1.15569e+54
0.48	0.87	-2.11838e+52
0.48	0.9	3.17647e+50
0.48	0.93	-2.12096e+48
0.48	0.96	-1.06798e+47
0.48	0.99	0.1
0.49	0	0.1
0.49	0.03	1.31065e+74
0.49	0.06	-2.46759e+74
0.49	0.09	3.34641e+74
0.49	0.12	-3.87364e+74
0.49	0.15	4.03549e+74
0.49	0.18	-3.87267e+74
0.49	0.21	3.4641e+74
0.49	0.24	-2.90524e+74
0.49	0.27	2.28693e+74
0.49	0.3	-1.67951e+74
0.49	0.33	1.12454e+74
0.49	0.36	-6.33933e+73
0.49	0.39	2.79126e+73
0.49	0.42	-9.86284e+72
0.49	0.45	2.82877e+72
0.49	0.48	-6.59809e+71
0.49	0.51	1.24467e+71
0.49	0.54	-1.87419e+70
0.49	0.57	2.20233e+69
0.49	0.6	-1.94652e+68
0.49	0.63	1.2159e+67
0.49	0.66	-4.76871e+65
0.49	0.69	1.13398e+64
0.49	0.72	-2.66167e+62
0.49	0.75	6.1486e+60
0.49	0.78	-1.39204e+59
0.49	0.81	3.06906e+57
0.49	0.84	-6.52101e+55
0.49	0.87	1.31034e+54
0.49	0.9	-2.39282e+52
0.49	0.93	3.55415e+50
0.49	0.96	-2.22609e+48
0.49	0.99	0.1
0.5	0	0.1
0.5	0.03	-5.52326e+75
0.5	0.06	1.04113e+76
0.5	0.09	-1.41476e+76
0.5	0.12	1.64228e+76
0.5	0.15	-1.71712e+76
0.5	0.18	1.65515e+76
0.5	0.21	-1.48826e+76
0.5	0.24	1.25556e+76
0.5	0.27	-9.94755e+75
0.5	0.3	7.35483e+75
0.5	0.33	-4.95702e+75
0.5	0.36	2.81147e+75
0.5	0.39	-1.24497e+75
0.5	0.42	4.42378e+74
0.5	0.45	-1.27601e+74
0.5	0.48	2.99386e+73
0.5	0.51	-5.68262e+72
0.5	0.54	8.61303e+71
0.5	0.57	-1.01926e+71
0.5	0.6	9.07775e+69
0.5	0.63	-5.71814e+68
0.5	0.66	2.2636e+67
0.5	0.69	-5.44013e+65
0.5	0.72	1.29319e+64
0.5	0.75	-3.03411e+62
0.5	0.78	7.00533e+60
0.5	0.81	-1.58494e+59
0.5	0.84	3.49122e+57
0.5	0.87	-7.40838e+55
0.5	0.9	1.48558e+54
0.5	0.93	-2.70237e+52
0.5	0.96	3.97626e+50
0.5	0.99	0.1
0.51	0	0.1
0.51	0.03	2.32897e+77
0.51	0.06	-4.39516e+77
0.51	0.09	5.98401e+77
0.51	0.12	-6.96516e+77
0.51	0.15	7.30793e+77
0.51	0.18	-7.07414e+77
0.51	0.21	6.39255e+77
0.51	0.24	-5.42348e+77
0.51	0.27	4.32336e+77
0.51	0.3	-3.21692e+77
0.51	0.33	2.18158e+77
0.51	0.36	-1.24438e+77
0.51	0.39	5.53952e+76
0.51	0.42	-1.97858e+76
0.51	0.45	5.73701e+75
0.51	0.48	-1.35331e+75
0.51	0.51	2.58318e+74
0.51	0.54	-3.93854e+73
0.51	0.57	4.69034e+72
0.51	0.6	-4.20581e+71
0.51	0.63	2.66887e+70
0.51	0.66	-1.06508e+69
0.51	0.69	2.58304e+67
0.51	0.72	-6.20601e+65
0.51	0.75	1.47474e+64
0.51	0.78	-3.45861e+62
0.51	0.81	7.98129e+60
0.51	0.84	-1.80454e+59
0.51	0.87	3.97134e+57
0.51	0.9	-8.41611e+55
0.51	0.93	1.68411e+54
0.51	0.96	-3.05123e+52
0.51	0.99	0.1
0.52	0	0.1
0.52	0.03	-9.8261e+78
0.52	0.06	1.85641e+79
0.52	0.09	-2.5322e+79
0.52	0.12	2.95504e+79
0.52	0.15	-3.11083e+79
0.52	0.18	3.02356e+79
0.52	0.21	-2.74526e+79
0.52	0.24	2.34164e+79
0.52	0.27	-1.87756e+79
0.52	0.3	1.40547e+79
0.52	0.33	-9.5868e+78
0.52	0.36	5.49748e+78
0.52	0.39	-2.45933e+78
0.52	0.42	8.82633e+77
0.52	0.45	-2.57161e+77
0.52	0.48	6.09623e+76
0.52	0.51	-1.16962e+76
0.52	0.54	1.79293e+75
0.52	0.57	-2.14737e+74
0.52	0.6	1.93728e+73
0.52	0.63	-1.2374e+72
0.52	0.66	4.97335e+70
0.52	0.69	-1.21568e+69
0.52	0.72	2.94754e+67
0.52	0.75	-7.07966e+65
0.52	0.78	1.68176e+64
0.52	0.81	-3.94245e+62
0.52	0.84	9.09307e+60
0.52	0.87	-2.05452e+59
0.52	0.9	4.51733e+57
0.52	0.93	-9.56046e+55
0.52	0.96	1.90853e+54
0.52	0.99	0.1
0.53	0	0.1
0.53	0.03	4.148e+80
0.53	0.06	-7.84506e+80
0.53	0.09	1.07199e+81
0.53	0.12	-1.25413e+81
0.53	0.15	1.32448e+81
0.53	0.18	-1.29234e+81
0.53	0.21	1.17874e+81
0.53	0.24	-1.0106e+81
0.53	0.27	8.14806e+80
0.53	0.3	-6.1341e+80
0.53	0.33	4.207e+80
0.53	0.36	-2.4245e+80
0.53	0.39	1.08959e+80
0.53	0.42	-3.92789e+79
0.53	0.45	1.14953e+79
0.53	0.48	-2.73747e+78
0.53	0.51	5.27684e+77
0.53	0.54	-8.12872e+76
0.53	0.57	9.78607e+75
0.53	0.6	-8.87713e+74
0.53	0.63	5.70337e+73
0.53	0.66	-2.30678e+72
0.53	0.69	5.67781e+70
0.53	0.72	-1.38757e+69
0.53	0.75	3.36344e+67
0.53	0.78	-8.07622e+65
0.53	0.81	1.91782e+64
0.53	0.84	-4.49393e+62
0.53	0.87	1.03595e+61
0.53	0.9	-2.33907e+59
0.53	0.93	5.13823e+57
0.53	0.96	-1.0856e+56
0.53	0.99	0.1
0.54	0	0.1
0.54	0.03	-1.75197e+82
0.54	0.06	3.31689e+82
0.54	0.09	-4.54016e+82
0.54	0.12	5.32429e+82
0.54	0.15	-5.64025e+82
0.54	0.18	5.52399e+82
0.54	0.21	-5.06037e+82
0.54	0.24	4.35976e+82
0.54	0.27	-3.53365e+82
0.54	0.3	2.67458e+82
0.54	0.33	-1.84378e+82
0.54	0.36	1.06753e+82
0.54	0.39	-4.81812e+81
0.54	0.42	1.74409e+81
0.54	0.45	-5.12533e+80
0.54	0.48	1.22567e+80
0.54	0.51	-2.37287e+79
0.54	0.54	3.67173e+78
0.54	0.57	-4.44119e+77
0.54	0.6	4.04872e+76
0.54	0.63	-2.61495e+75
0.54	0.66	1.06361e+74
0.54	0.69	-2.63403e+72
0.54	0.72	6.482e+70
0.54	0.75	-1.58375e+69
0.54	0.78	3.83799e+67
0.54	0.81	-9.21297e+65
0.54	0.84	2.18699e+64
0.54	0.87	-5.12247e+62
0.54	0.9	1.18022e+61
0.54	0.93	-2.66297e+59
0.54	0.96	5.84183e+57
0.54	0.99	0.1
0.55	0	0.1
0.55	0.03	7.40351e+83
0.55	0.06	-1.40304e+84
0.55	0.09	1.92365e+84
0.55	0.12	-2.26109e+84
0.55	0.15	2.40235e+84
0.55	0.18	-2.36127e+84
0.55	0.21	2.17212e+84
0.55	0.24	-1.88013e+84
0.55	0.27	1.53151e+84
0.55	0.3	-1.1651e+84
0.55	0.33	8.0708e+83
0.55	0.36	-4.69341e+83
0.55	0.39	2.12675e+83
0.55	0.42	-7.72825e+82
0.55	0.45	2.2798e+82
0.55	0.48	-5.47309e+81
0.55	0.51	1.0638e+81
0.55	0.54	-1.6529e+80
0.55	0.57	2.0079e+79
0.55	0.6	-1.83874e+78
0.55	0.63	1.19326e+77
0.55	0.66	-4.87813e+75
0.55	0.69	1.2147e+74
0.55	0.72	-3.00768e+72
0.55	0.75	7.40006e+70
0.55	0.78	-1.80765e+69
0.55	0.81	4.37947e+67
0.55	0.84	-1.05096e+66
0.55	0.87	2.49391e+64
0.55	0.9	-5.83884e+62
0.55	0.93	1.34455e+61
0.55	0.96	-3.03026e+59
0.55	0.99	0.1
0.56	0	0.1
0.56	0.03	-3.13013e+85
0.56	0.06	5.93758e+85
0.56	0.09	-8.15368e+85
0.56	0.12	9.6052e+85
0.56	0.15	-1.02343e+86
0.56	0.18	1.00939e+86
0.56	0.21	-9.32238e+85
0.56	0.24	8.10519e+85
0.56	0.27	-6.63379e+85
0.56	0.3	5.07103e+85
0.56	0.33	-3.52884e+85
0.56	0.36	2.06056e+85
0.56	0.39	-9.37206e+84
0.56	0.42	3.41789e+84
0.56	0.45	-1.01186e+84
0.56	0.48	2.4379e+83
0.56	0.51	-4.75599e+82
0.56	0.54	7.41779e+81
0.56	0.57	-9.04652e+80
0.56	0.6	8.31857e+79
0.56	0.63	-5.42183e+78
0.56	0.66	2.22665e+77
0.56	0.69	-5.57195e+75
0.56	0.72	1.38725e+74
0.56	0.75	-3.43432e+72
0.56	0.78	8.44809e+70
0.56	0.81	-2.0632e+69
0.56	0.84	4.9973e+67
0.56	0.87	-1.19887e+66
0.56	0.9	2.84386e+64
0.56	0.93	-6.6553e+62
0.56	0.96	1.53098e+61
0.56	0.99	0.1
0.57	0	0.1
0.57	0.03	1.32401e+87
0.57	0.06	-2.51384e+87
0.57	0.09	3.45737e+87
0.57	0.12	-4.08154e+87
0.57	0.15	4.36073e+87
0.57	0.18	-4.31511e+87
0.57	0.21	4.00054e+87
0.57	0.24	-3.49301e+87
0.57	0.27	2.87186e+87
0.57	0.3	-2.20537e+87
0.57	0.33	1.5413e+87
0.57	0.36	-9.0347e+86
0.57	0.39	4.12364e+86
0.57	0.42	-1.5089e+86
0.57	0.45	4.48188e+85
0.57	0.48	-1.08344e+85
0.57	0.51	2.12084e+84
0.57	0.54	-3.31941e+83
0.57	0.57	4.06295e+82
0.57	0.6	-3.75015e+81
0.57	0.63	2.45393e+80
0.57	0.66	-1.01199e+79
0.57	0.69	2.54369e+77
0.57	0.72	-6.36442e+75
0.57	0.75	1.5843e+74
0.57	0.78	-3.92146e+72
0.57	0.81	9.64449e+70
0.57	0.84	-2.35485e+69
0.57	0.87	5.70224e+67
0.57	0.9	-1.36757e+66
0.57	0.93	3.24289e+64
0.57	0.96	-7.5819e+62
0.57	0.99	0.1
0.58	0	0.1
0.58	0.03	-5.60301e+88
0.58	0.06	1.06476e+89
0.58	0.09	-1.46655e+89
0.58	0.12	1.73487e+89
0.58	0.15	-1.8584e+89
0.58	0.18	1.84479e+89
0.58	0.21	-1.71657e+89
0.58	0.24	1.50489e+89
0.58	0.27	-1.24263e+89
0.58	0.3	9.58379e+88
0.58	0.33	-6.72524e+88
0.58	0.36	3.95648e+88
0.58	0.39	-1.81175e+88
0.58	0.42	6.65026e+87
0.58	0.45	-1.98144e+87
0.58	0.48	4.80479e+86
0.58	0.51	-9.43507e+85
0.58	0.54	1.48151e+85
0.58	0.57	-1.81943e+84
0.58	0.6	1.68519e+83
0.58	0.63	-1.10672e+82
0.58	0.66	4.58137e+80
0.58	0.69	-1.15623e+79
0.58	0.72	2.90587e+77
0.58	0.75	-7.26957e+75
0.58	0.78	1.80934e+74
0.58	0.81	-4.47767e+72
0.58	0.84	1.10103e+71
0.58	0.87	-2.68772e+69
0.58	0.9	6.50658e+67
0.58	0.93	-1.56e+66
0.58	0.96	3.69588e+64
0.58	0.99	0.1
0.59	0	0.1
0.59	0.03	2.37215e+90
0.59	0.06	-4.51171e+90
0.59	0.09	6.22305e+90
0.59	0.12	-7.37618e+90
0.59	0.15	7.92135e+90
0.59	0.18	-7.88725e+90
0.59	0.21	7.36482e+90
0.59	0.24	-6.48172e+90
0.59	0.27	5.3741e+90
0.59	0.3	-4.16184e+90
0.59	0.33	2.93172e+90
0.59	0.36	-1.73063e+90
0.59	0.39	7.94932e+89
0.59	0.42	-2.92646e+89
0.59	0.45	8.74454e+88
0.59	0.48	-2.1266e+88
0.59	0.51	4.18822e+87
0.59	0.54	-6.59614e+86
0.59	0.57	8.12574e+85
0.59	0.6	-7.55033e+84
0.59	0.63	4.97503e+83
0.59	0.66	-2.06664e+82
0.59	0.69	5.23496e+80
0.59	0.72	-1.32102e+79
0.59	0.75	3.31961e+77
0.59	0.78	-8.30342e+75
0.59	0.81	2.06633e+74
0.59	0.84	-5.11274e+72
0.59	0.87	1.25693e+71
0.59	0.9	-3.06761e+69
0.59	0.93	7.4243e+67
0.59	0.96	-1.77851e+66
0.59	0.99	0.1
0.6	0	0.1
0.6	0.03	-1.00472e+92
0.6	0.06	1.91251e+92
0.6	0.09	-2.64154e+92
0.6	0.12	3.13699e+92
0.6	0.15	-3.37702e+92
0.6	0.18	3.37231e+92
0.6	0.21	-3.15953e+92
0.6	0.24	2.791e+92
0.6	0.27	-2.32312e+92
0.6	0.3	1.8061e+92
0.6	0.33	-1.27689e+92
0.6	0.36	7.56193e+91
0.6	0.39	-3.48347e+91
0.6	0.42	1.28593e+91
0.6	0.45	-3.85285e+90
0.6	0.48	9.39509e+89
0.6	0.51	-1.85536e+89
0.6	0.54	2.9302e+88
0.6	0.57	-3.62003e+87
0.6	0.6	3.37363e+86
0.6	0.63	-2.22976e+85
0.6	0.66	9.29205e+83
0.6	0.69	-2.36171e+82
0.6	0.72	5.98177e+80
0.6	0.75	-1.5093e+79
0.6	0.78	3.79224e+77
0.6	0.81	-9.48425e+75
0.6	0.84	2.3598e+74
0.6	0.87	-5.83786e+72
0.6	0.9	1.43491e+71
0.6	0.93	-3.50118e+69
0.6	0.96	8.4666e+67
0.6	0.99	0.1
0.61	0	0.1
0.61	0.03	4.25725e+93
0.61	0.06	-8.11017e+93
0.61	0.09	1.12165e+94
0.61	0.12	-1.33447e+94
0.61	0.15	1.43994e+94
0.61	0.18	-1.44196e+94
0.61	0.21	1.35534e+94
0.61	0.24	-1.2015e+94
0.61	0.27	1.00381e+94
0.61	0.3	-7.83297e+93
0.61	0.33	5.55685e+93
0.61	0.36	-3.30082e+93
0.61	0.39	1.52468e+93
0.61	0.42	-5.64291e+92
0.61	0.45	1.69497e+92
0.61	0.48	-4.14357e+91
0.61	0.51	8.20362e+90
0.61	0.54	-1.29897e+90
0.61	0.57	1.60903e+89
0.61	0.6	-1.50362e+88
0.61	0.63	9.96609e+86
0.61	0.66	-4.16538e+85
0.61	0.69	1.06198e+84
0.61	0.72	-2.69891e+82
0.61	0.75	6.83509e+80
0.61	0.78	-1.7244e+79
0.61	0.81	4.33214e+77
0.61	0.84	-1.0833e+76
0.61	0.87	2.69495e+74
0.61	0.9	-6.66578e+72
0.61	0.93	1.63808e+71
0.61	0.96	-3.99368e+69
0.61	0.99	0.1
0.62	0	0.1
0.62	0.03	-1.80461e+95
0.62	0.06	3.44046e+95
0.62	0.09	-4.76426e+95
0.62	0.12	5.67824e+95
0.62	0.15	-6.14079e+95
0.62	0.18	6.16602e+95
0.62	0.21	-5.8135e+95
0.62	0.24	5.17111e+95
0.62	0.27	-4.33563e+95
0.62	0.3	3.3951e+95
0.62	0.33	-2.41637e+95
0.62	0.36	1.43945e+95
0.62	0.39	-6.66597e+94
0.62	0.42	2.47308e+94
0.62	0.45	-7.44601e+93
0.62	0.48	1.82455e+93
0.62	0.51	-3.6209e+92
0.62	0.54	5.7472e+91
0.62	0.57	-7.13663e+90
0.62	0.6	6.68599e+89
0.62	0.63	-4.44313e+88
0.62	0.66	1.86207e+87
0.62	0.69	-4.76099e+85
0.62	0.72	1.21372e+84
0.62	0.75	-3.08425e+82
0.62	0.78	7.81012e+80
0.62	0.81	-1.97015e+79
0.62	0.84	4.94888e+77
0.62	0.87	-1.23734e+76
0.62	0.9	3.07768e+74
0.62	0.93	-7.61107e+72
0.62	0.96	1.8689e+71
0.62	0.99	0.1
0.63	0	0.1
0.63	0.03	7.65253e+96
0.63	0.06	-1.46002e+97
0.63	0.09	2.02427e+97
0.63	0.12	-2.41672e+97
0.63	0.15	2.61924e+97
0.63	0.18	-2.63682e+97
0.63	0.21	2.49344e+97
0.63	0.24	-2.22511e+97
0.63	0.27	1.87192e+97
0.63	0.3	-1.47074e+97
0.63	0.33	1.04998e+97
0.63	0.36	-6.2717e+96
0.63	0.39	2.91135e+96
0.63	0.42	-1.08257e+96
0.63	0.45	3.26666e+95
0.63	0.48	-8.02218e+94
0.63	0.51	1.59556e+94
0.63	0.54	-2.53822e+93
0.63	0.57	3.1591e+92
0.63	0.6	-2.96659e+91
0.63	0.63	1.97621e+90
0.63	0.66	-8.30289e+88
0.63	0.69	2.1285e+87
0.63	0.72	-5.44176e+85
0.63	0.75	1.38715e+84
0.63	0.78	-3.52459e+82
0.63	0.81	8.92421e+80
0.63	0.84	-2.25092e+79
0.63	0.87	5.65341e+77
0.63	0.9	-1.41329e+76
0.63	0.93	3.51475e+74
0.63	0.96	-8.68516e+72
0.63	0.99	0.1
0.64	0	0.1
0.64	0.03	-3.24628e+98
0.64	0.06	6.19796e+98
0.64	0.09	-8.60344e+98
0.64	0.12	1.02883e+99
0.64	0.15	-1.11737e+99
0.64	0.18	1.12767e+99
0.64	0.21	-1.06938e+99
0.64	0.24	9.57256e+98
0.64	0.27	-8.07912e+98
0.64	0.3	6.36779e+98
0.64	0.33	-4.5593e+98
0.64	0.36	2.73028e+98
0.64	0.39	-1.27028e+98
0.64	0.42	4.73357e+97
0.64	0.45	-1.43133e+97
0.64	0.48	3.52228e+96
0.64	0.51	-7.02014e+95
0.64	0.54	1.11911e+95
0.64	0.57	-1.39583e+94
0.64	0.6	1.31365e+93
0.64	0.63	-8.77068e+91
0.64	0.66	3.6935e+90
0.64	0.69	-9.49163e+88
0.64	0.72	2.43306e+87
0.64	0.75	-6.21986e+85
0.64	0.78	1.58534e+84
0.64	0.81	-4.02779e+82
0.64	0.84	1.01972e+81
0.64	0.87	-2.57169e+79
0.64	0.9	6.45821e+77
0.64	0.93	-1.61424e+76
0.64	0.96	4.01143e+74
0.64	0.99	0.1
0.65	0	0.1
0.65	0.03	1.37759e+100
0.65	0.06	-2.63198e+100
0.65	0.09	3.65765e+100
0.65	0.12	-4.38086e+100
0.65	0.15	4.7674e+100
0.65	0.18	-4.82287e+100
0.65	0.21	4.58604e+100
0.65	0.24	-4.11739e+100
0.65	0.27	3.48572e+100
0.65	0.3	-2.75565e+100
0.65	0.33	1.97848e+100
0.65	0.36	-1.18764e+100
0.65	0.39	5.53739e+99
0.65	0.42	-2.0676e+99
0.65	0.45	6.26421e+98
0.65	0.48	-1.54451e+98
0.65	0.51	3.08428e+97
0.65	0.54	-4.92643e+96
0.65	0.57	6.15688e+95
0.65	0.6	-5.8062e+94
0.65	0.63	3.88468e+93
0.65	0.66	-1.63944e+92
0.65	0.69	4.2226e+90
0.65	0.72	-1.08505e+89
0.65	0.75	2.78118e+87
0.65	0.78	-7.10919e+85
0.65	0.81	1.81185e+84
0.65	0.84	-4.60281e+82
0.65	0.87	1.16517e+81
0.65	0.9	-2.93816e+79
0.65	0.93	7.37754e+77
0.65	0.96	-1.84263e+76
0.65	0.99	0.1
0.66	0	0.1
0.66	0.03	-5.84798e+101
0.66	0.06	1.11804e+102
0.66	0.09	-1.55544e+102
0.66	0.12	1.86583e+102
0.66	0.15	-2.03439e+102
0.66	0.18	2.06279e+102
0.66	0.21	-1.96662e+102
0.66	0.24	1.77066e+102
0.66	0.27	-1.50342e+102
0.66	0.3	1.19194e+102
0.66	0.33	-8.58022e+101
0.66	0.36	5.16226e+101
0.66	0.39	-2.41176e+101
0.66	0.42	9.0223e+100
0.66	0.45	-2.73851e+100
0.66	0.48	6.76437e+99
0.66	0.51	-1.35326e+99
0.66	0.54	2.16549e+98
0.66	0.57	-2.7114e+97
0.66	0.6	2.56184e+96
0.66	0.63	-1.71736e+95
0.66	0.66	7.2623e+93
0.66	0.69	-1.87442e+92
0.66	0.72	4.82748e+90
0.66	0.75	-1.2404e+89
0.66	0.78	3.1791e+87
0.66	0.81	-8.12567e+85
0.66	0.84	2.07072e+84
0.66	0.87	-5.2599e+82
0.66	0.9	1.33136e+81
0.66	0.93	-3.35684e+79
0.66	0.96	8.42247e+77
0.66	0.99	0.1
0.67	0	0.1
0.67	0.03	2.48333e+103
0.67	0.06	-4.75076e+103
0.67	0.09	6.61639e+103
0.67	0.12	-7.9484e+103
0.67	0.15	8.68256e+103
0.67	0.18	-8.82327e+103
0.67	0.21	8.433e+103
0.67	0.24	-7.61334e+103
0.67	0.27	6.48237e+103
0.67	0.3	-5.15339e+103
0.67	0.33	3.71888e+103
0.67	0.36	-2.24227e+103
0.67	0.39	1.04956e+103
0.67	0.42	-3.93338e+102
0.67	0.45	1.19595e+102
0.67	0.48	-2.95915e+101
0.67	0.51	5.93008e+100
0.67	0.54	-9.50566e+99
0.67	0.57	1.19228e+99
0.67	0.6	-1.12852e+98
0.67	0.63	7.57894e+96
0.67	0.66	-3.21094e+95
0.67	0.69	8.30368e+93
0.67	0.72	-2.14307e+92
0.67	0.75	5.51901e+90
0.67	0.78	-1.41798e+89
0.67	0.81	3.63395e+87
0.67	0.84	-9.28745e+85
0.67	0.87	2.36657e+84
0.67	0.9	-6.01079e+82
0.67	0.93	1.52126e+81
0.67	0.96	-3.83276e+79
0.67	0.99	0.1
0.68	0	0.1
0.68	0.03	-1.05488e+105
0.68	0.06	2.0193e+105
0.68	0.09	-2.81516e+105
0.68	0.12	3.38671e+105
0.68	0.15	-3.70615e+105
0.68	0.18	3.77422e+105
0.68	0.21	-3.61596e+105
0.68	0.24	3.27298e+105
0.68	0.27	-2.79423e+105
0.68	0.3	2.22714e+105
0.68	0.33	-1.61097e+105
0.68	0.36	9.73301e+104
0.68	0.39	-4.56401e+104
0.68	0.42	1.71331e+104
0.68	0.45	-5.21782e+103
0.68	0.48	1.29312e+103
0.68	0.51	-2.59555e+102
0.68	0.54	4.16726e+101
0.68	0.57	-5.23547e+100
0.68	0.6	4.96373e+99
0.68	0.63	-3.33923e+98
0.68	0.66	1.41718e+97
0.68	0.69	-3.67158e+95
0.68	0.72	9.49437e+93
0.68	0.75	-2.45022e+92
0.68	0.78	6.30957e+90
0.68	0.81	-1.62098e+89
0.68	0.84	4.15386e+87
0.68	0.87	-1.06153e+86
0.68	0.9	2.70468e+84
0.68	0.93	-6.86885e+82
0.68	0.96	1.73713e+81
0.68	0.99	0.1
0.69	0	0.1
0.69	0.03	4.48236e+106
0.69	0.06	-8.58545e+106
0.69	0.09	1.19811e+107
0.69	0.12	-1.44333e+107
0.69	0.15	1.58219e+107
0.69	0.18	-1.61454e+107
0.69	0.21	1.55041e+107
0.69	0.24	-1.40684e+107
0.69	0.27	1.20412e+107
0.69	0.3	-9.62114e+106
0.69	0.33	6.97488e+106
0.69	0.36	-4.22215e+106
0.69	0.39	1.98322e+106
0.69	0.42	-7.45673e+105
0.69	0.45	2.27441e+105
0.69	0.48	-5.64514e+104
0.69	0.51	1.1348e+104
0.69	0.54	-1.82472e+103
0.69	0.57	2.29597e+102
0.69	0.6	-2.18019e+101
0.69	0.63	1.469e+100
0.69	0.66	-6.24467e+98
0.69	0.69	1.62058e+97
0.69	0.72	-4.1983e+95
0.69	0.75	1.08558e+94
0.69	0.78	-2.80138e+92
0.69	0.81	7.21337e+90
0.69	0.84	-1.85304e+89
0.69	0.87	4.74815e+87
0.69	0.9	-1.2133e+86
0.69	0.93	3.09108e+84
0.69	0.96	-7.84437e+82
0.69	0.99	0.1
0.7	0	0.1
0.7	0.03	-1.90519e+108
0.7	0.06	3.65129e+108
0.7	0.09	-5.10029e+108
0.7	0.12	6.15227e+108
0.7	0.15	-6.75538e+108
0.7	0.18	6.90708e+108
0.7	0.21	-6.64741e+108
0.7	0.24	6.04622e+108
0.7	0.27	-5.18759e+108
0.7	0.3	4.15472e+108
0.7	0.33	-3.01837e+108
0.7	0.36	1.83047e+108
0.7	0.39	-8.61185e+107
0.7	0.42	3.24284e+107
0.7	0.45	-9.90543e+106
0.7	0.48	2.46205e+106
0.7	0.51	-4.95627e+105
0.7	0.54	7.98089e+104
0.7	0.57	-1.00565e+104
0.7	0.6	9.56329e+102
0.7	0.63	-6.45329e+101
0.7	0.66	2.74744e+100
0.7	0.69	-7.14125e+98
0.7	0.72	1.85316e+97
0.7	0.75	-4.80057e+95
0.7	0.78	1.24124e+94
0.7	0.81	-3.20287e+92
0.7	0.84	8.24662e+90
0.7	0.87	-2.11831e+89
0.7	0.9	5.42745e+87
0.7	0.93	-1.38676e+86
0.7	0.96	3.53041e+84
0.7	0.99	0.1
0.71	0	0.1
0.71	0.03	8.10024e+109
0.71	0.06	-1.55327e+110
0.71	0.09	2.17168e+110
0.71	0.12	-2.62295e+110
0.71	0.15	2.88468e+110
0.71	0.18	-2.95503e+110
0.71	0.21	2.84998e+110
0.71	0.24	-2.59814e+110
0.71	0.27	2.23436e+110
0.71	0.3	-1.7935e+110
0.71	0.33	1.30559e+110
0.71	0.36	-7.93136e+109
0.71	0.39	3.73716e+109
0.71	0.42	-1.40924e+109
0.71	0.45	4.31048e+108
0.71	0.48	-1.07283e+108
0.71	0.51	2.16256e+107
0.71	0.54	-3.48694e+106
0.71	0.57	4.39972e+105
0.71	0.6	-4.18969e+104
0.71	0.63	2.83113e+103
0.71	0.66	-1.20705e+102
0.71	0.69	3.14205e+100
0.71	0.72	-8.16656e+98
0.71	0.75	2.11912e+97
0.71	0.78	-5.48923e+95
0.71	0.81	1.41922e+94
0.71	0.84	-3.66189e+92
0.71	0.87	9.42784e+90
0.71	0.9	-2.42155e+89
0.71	0.93	6.20392e+87
0.71	0.96	-1.584e+86
0.71	0.99	0.1
0.72	0	0.1
0.72	0.03	-3.44491e+111
0.72	0.06	6.60939e+111
0.72	0.09	-9.24903e+111
0.72	0.12	1.11847e+112
0.72	0.15	-1.23197e+112
0.72	0.18	1.26431e+112
0.72	0.21	-1.22185e+112
0.72	0.24	1.11631e+112
0.72	0.27	-9.62141e+111
0.72	0.3	7.73947e+111
0.72	0.33	-5.64478e+111
0.72	0.36	3.43481e+111
0.72	0.39	-1.62077e+111
0.72	0.42	6.11992e+110
0.72	0.45	-1.87433e+110
0.72	0.48	4.67089e+109
0.72	0.51	-9.42718e+108
0.72	0.54	1.52197e+108
0.72	0.57	-1.92281e+107
0.72	0.6	1.83337e+106
0.72	0.63	-1.2405e+105
0.72	0.66	5.29592e+103
0.72	0.69	-1.38048e+102
0.72	0.72	3.59333e+100
0.72	0.75	-9.33906e+98
0.72	0.78	2.42325e+97
0.72	0.81	-6.27667e+95
0.72	0.84	1.62271e+94
0.72	0.87	-4.18669e+92
0.72	0.9	1.07782e+91
0.72	0.93	-2.7682e+89
0.72	0.96	7.08684e+87
0.72	0.99	0.1
0.73	0	0.1
0.73	0.03	1.46546e+113
0.73	0.06	-2.8131e+113
0.73	0.09	3.93997e+113
0.73	0.12	-4.77016e+113
0.73	0.15	5.26204e+113
0.73	0.18	-5.40961e+113
0.73	0.21	5.23817e+113
0.73	0.24	-4.79572e+113
0.73	0.27	4.14216e+113
0.73	0.3	-3.33873e+113
0.73	0.33	2.43953e+113
0.73	0.36	-1.48675e+113
0.73	0.39	7.02503e+112
0.73	0.42	-2.65597e+112
0.73	0.45	8.14427e+111
0.73	0.48	-2.032e+111
0.73	0.51	4.10601e+110
0.73	0.54	-6.63679e+109
0.73	0.57	8.39475e+108
0.73	0.6	-8.01395e+107
0.73	0.63	5.42908e+106
0.73	0.66	-2.32067e+105
0.73	0.69	6.05707e+103
0.73	0.72	-1.57882e+102
0.73	0.75	4.10943e+100
0.73	0.78	-1.06799e+99
0.73	0.81	2.77101e+97
0.73	0.84	-7.17706e+95
0.73	0.87	1.85538e+94
0.73	0.9	-4.78668e+92
0.73	0.93	1.2322e+91
0.73	0.96	-3.16239e+89
0.73	0.99	0.1
0.74	0	0.1
0.74	0.03	-6.2357e+114
0.74	0.06	1.19761e+115
0.74	0.09	-1.67873e+115
0.74	0.12	2.03478e+115
0.74	0.15	-2.24781e+115
0.74	0.18	2.31473e+115
0.74	0.21	-2.24558e+115
0.74	0.24	2.06002e+115
0.74	0.27	-1.78289e+115
0.74	0.3	1.43985e+115
0.74	0.33	-1.05389e+115
0.74	0.36	6.43233e+114
0.74	0.39	-3.04325e+114
0.74	0.42	1.15195e+114
0.74	0.45	-3.53641e+113
0.74	0.48	8.83331e+112
0.74	0.51	-1.78692e+112
0.74	0.54	2.89153e+111
0.74	0.57	-3.66155e+110
0.74	0.6	3.49943e+109
0.74	0.63	-2.37343e+108
0.74	0.66	1.01572e+107
0.74	0.69	-2.6543e+105
0.74	0.72	6.92761e+103
0.74	0.75	-1.80566e+102
0.74	0.78	4.69964e+100
0.74	0.81	-1.22132e+99
0.74	0.84	3.16869e+97
0.74	0.87	-8.2066e+95
0.74	0.9	2.12141e+94
0.74	0.93	-5.47265e+92
0.74	0.96	1.40777e+91
0.74	0.99	0.1
0.75	0	0.1
0.75	0.03	2.65403e+116
0.75	0.06	-5.0997e+116
0.75	0.09	7.15418e+116
0.75	0.12	-8.68107e+116
0.75	0.15	9.60313e+116
0.75	0.18	-9.90502e+116
0.75	0.21	9.62645e+116
0.75	0.24	-8.84789e+116
0.75	0.27	7.67242e+116
0.75	0.3	-6.20766e+116
0.75	0.33	4.55112e+116
0.75	0.36	-2.78164e+116
0.75	0.39	1.31766e+116
0.75	0.42	-4.99335e+115
0.75	0.45	1.53459e+115
0.75	0.48	-3.83722e+114
0.75	0.51	7.7706e+113
0.75	0.54	-1.25874e+113
0.75	0.57	1.59563e+112
0.75	0.6	-1.52661e+111
0.75	0.63	1.03652e+110
0.75	0.66	-4.44074e+108
0.75	0.69	1.16179e+107
0.75	0.72	-3.0359e+105
0.75	0.75	7.92326e+103
0.75	0.78	-2.06508e+102
0.75	0.81	5.37462e+100
0.75	0.84	-1.39666e+99
0.75	0.87	3.62342e+97
0.75	0.9	-9.38381e+95
0.75	0.93	2.42557e+94
0.75	0.96	-6.25279e+92
0.75	0.99	0.1
0.76	0	0.1
0.76	0.03	-1.12988e+118
0.76	0.06	2.17207e+118
0.76	0.09	-3.04947e+118
0.76	0.12	3.70424e+118
0.76	0.15	-4.10312e+118
0.76	0.18	4.23869e+118
0.76	0.21	-4.1266e+118
0.76	0.24	3.79982e+118
0.76	0.27	-3.3011e+118
0.76	0.3	2.67558e+118
0.76	0.33	-1.96466e+118
0.76	0.36	1.2024e+118
0.76	0.39	-5.70236e+117
0.76	0.42	2.16327e+117
0.76	0.45	-6.65516e+116
0.76	0.48	1.66579e+116
0.76	0.51	-3.37668e+115
0.76	0.54	5.47522e+114
0.76	0.57	-6.94756e+113
0.76	0.6	6.65375e+112
0.76	0.63	-4.52231e+111
0.76	0.66	1.93949e+110
0.76	0.69	-5.07953e+108
0.76	0.72	1.32886e+107
0.76	0.75	-3.47236e+105
0.76	0.78	9.06199e+103
0.76	0.81	-2.36178e+102
0.76	0.84	6.14653e+100
0.76	0.87	-1.59717e+99
0.76	0.9	4.14341e+97
0.76	0.93	-1.07299e+96
0.76	0.96	2.7715e+94
0.76	0.99	0.1
0.77	0	0.1
0.77	0.03	4.81126e+119
0.77	0.06	-9.25334e+119
0.77	0.09	1.30009e+120
0.77	0.12	-1.58085e+120
0.77	0.15	1.75332e+120
0.77	0.18	-1.81396e+120
0.77	0.21	1.76892e+120
0.77	0.24	-1.63171e+120
0.77	0.27	1.42005e+120
0.77	0.3	-1.1529e+120
0.77	0.33	8.47831e+119
0.77	0.36	-5.19543e+119
0.77	0.39	2.46663e+119
0.77	0.42	-9.36706e+118
0.77	0.45	2.88453e+118
0.77	0.48	-7.22684e+117
0.77	0.51	1.46632e+117
0.77	0.54	-2.37984e+116
0.77	0.57	3.02264e+115
0.77	0.6	-2.89757e+114
0.77	0.63	1.97126e+113
0.77	0.66	-8.46242e+111
0.77	0.69	2.21854e+110
0.77	0.72	-5.81019e+108
0.77	0.75	1.51996e+107
0.77	0.78	-3.97156e+105
0.77	0.81	1.03644e+104
0.77	0.84	-2.7011e+102
0.77	0.87	7.02929e+100
0.77	0.9	-1.82647e+99
0.77	0.93	4.73801e+97
0.77	0.96	-1.22608e+96
0.77	0.99	0.1
0.78	0	0.1
0.78	0.03	-2.0492e+121
0.78	0.06	3.94289e+121
0.78	0.09	-5.54373e+121
0.78	0.12	6.7476e+121
0.78	0.15	-7.49295e+121
0.78	0.18	7.76322e+121
0.78	0.21	-7.58256e+121
0.78	0.24	7.00615e+121
0.78	0.27	-6.10768e+121
0.78	0.3	4.96658e+121
0.78	0.33	-3.65756e+121
0.78	0.36	2.24401e+121
0.78	0.39	-1.0665e+121
0.78	0.42	4.05398e+120
0.78	0.45	-1.24955e+120
0.78	0.48	3.13342e+119
0.78	0.51	-6.36333e+118
0.78	0.54	1.03369e+118
0.78	0.57	-1.31406e+117
0.78	0.6	1.26081e+116
0.78	0.63	-8.58529e+114
0.78	0.66	3.68896e+113
0.78	0.69	-9.6803e+111
0.78	0.72	2.53775e+110
0.78	0.75	-6.64596e+108
0.78	0.78	1.73854e+107
0.78	0.81	-4.54252e+105
0.78	0.84	1.18539e+104
0.78	0.87	-3.08916e+102
0.78	0.9	8.03882e+100
0.78	0.93	-2.08868e+99
0.78	0.96	5.41431e+97
0.78	0.99	0.1
0.79	0	0.1
0.79	0.03	8.72986e+122
0.79	0.06	-1.68043e+123
0.79	0.09	2.36434e+123
0.79	0.12	-2.88051e+123
0.79	0.15	3.20248e+123
0.79	0.18	-3.32259e+123
0.79	0.21	3.25023e+123
0.79	0.24	-3.008e+123
0.79	0.27	2.62649e+123
0.79	0.3	-2.13905e+123
0.79	0.33	1.57739e+123
0.79	0.36	-9.68883e+122
0.79	0.39	4.60935e+122
0.79	0.42	-1.7537e+122
0.79	0.45	5.41014e+121
0.79	0.48	-1.35783e+121
0.79	0.51	2.75979e+120
0.79	0.54	-4.48687e+119
0.79	0.57	5.70866e+118
0.79	0.6	-5.48198e+117
0.79	0.63	3.73605e+116
0.79	0.66	-1.60671e+115
0.79	0.69	4.21998e+113
0.79	0.72	-1.10734e+112
0.79	0.75	2.90288e+110
0.79	0.78	-7.60193e+108
0.79	0.81	1.98855e+107
0.79	0.84	-5.19556e+105
0.79	0.87	1.35575e+104
0.79	0.9	-3.53297e+102
0.79	0.93	9.19332e+100
0.79	0.96	-2.38694e+99
0.79	0.99	0.1
0.8	0	0.1
0.8	0.03	-3.71981e+124
0.8	0.06	7.16327e+124
0.8	0.09	-1.00854e+125
0.8	0.12	1.22984e+125
0.8	0.15	-1.36887e+125
0.8	0.18	1.42209e+125
0.8	0.21	-1.39317e+125
0.8	0.24	1.29133e+125
0.8	0.27	-1.12929e+125
0.8	0.3	9.21051e+124
0.8	0.33	-6.80083e+124
0.8	0.36	4.18183e+124
0.8	0.39	-1.99133e+124
0.8	0.42	7.58295e+123
0.8	0.45	-2.34127e+123
0.8	0.48	5.88082e+122
0.8	0.51	-1.19623e+122
0.8	0.54	1.94638e+121
0.8	0.57	-2.47835e+120
0.8	0.6	2.38184e+119
0.8	0.63	-1.62457e+118
0.8	0.66	6.99228e+116
0.8	0.69	-1.83805e+115
0.8	0.72	4.82744e+113
0.8	0.75	-1.26671e+112
0.8	0.78	3.32055e+110
0.8	0.81	-8.69541e+108
0.8	0.84	2.2745e+107
0.8	0.87	-5.94247e+105
0.8	0.9	1.55059e+104
0.8	0.93	-4.04054e+102
0.8	0.96	1.05065e+101
0.8	0.99	0.1
0.81	0	0.1
0.81	0.03	1.58535e+126
0.81	0.06	-3.05411e+126
0.81	0.09	4.30275e+126
0.81	0.12	-5.25157e+126
0.81	0.15	5.85165e+126
0.81	0.18	-6.08694e+126
0.81	0.21	5.97153e+126
0.81	0.24	-5.54323e+126
0.81	0.27	4.85481e+126
0.81	0.3	-3.96509e+126
0.81	0.33	2.93133e+126
0.81	0.36	-1.80434e+126
0.81	0.39	8.59973e+125
0.81	0.42	-3.27746e+125
0.81	0.45	1.01273e+125
0.81	0.48	-2.54573e+124
0.81	0.51	5.18224e+123
0.81	0.54	-8.43831e+122
0.81	0.57	1.07527e+122
0.81	0.6	-1.03418e+121
0.81	0.63	7.05913e+119
0.81	0.66	-3.04065e+118
0.81	0.69	7.99922e+116
0.81	0.72	-2.10268e+115
0.81	0.75	5.52233e+113
0.81	0.78	-1.449e+112
0.81	0.81	3.7983e+110
0.81	0.84	-9.94616e+108
0.81	0.87	2.60158e+107
0.81	0.9	-6.79676e+105
0.81	0.93	1.77343e+104
0.81	0.96	-4.6179e+102
0.81	0.99	0.1
0.82	0	0.1
0.82	0.03	-6.75791e+127
0.82	0.06	1.30238e+128
0.82	0.09	-1.83599e+128
0.82	0.12	2.24277e+128
0.82	0.15	-2.50168e+128
0.82	0.18	2.60547e+128
0.82	0.21	-2.55953e+128
0.82	0.24	2.37932e+128
0.82	0.27	-2.08678e+128
0.82	0.3	1.70661e+128
0.82	0.33	-1.26314e+128
0.82	0.36	7.78276e+127
0.82	0.39	-3.71253e+127
0.82	0.42	1.416e+127
0.82	0.45	-4.37868e+126
0.82	0.48	1.10148e+126
0.82	0.51	-2.24385e+125
0.82	0.54	3.65629e+124
0.82	0.57	-4.66241e+123
0.82	0.6	4.48743e+122
0.82	0.63	-3.06526e+121
0.82	0.66	1.32129e+120
0.82	0.69	-3.4786e+118
0.82	0.72	9.15115e+116
0.82	0.75	-2.40542e+115
0.82	0.78	6.31724e+113
0.82	0.81	-1.65753e+112
0.82	0.84	4.34479e+110
0.82	0.87	-1.13768e+109
0.82	0.9	2.97568e+107
0.82	0.93	-7.77383e+105
0.82	0.96	2.02692e+104
0.82	0.99	0.1
0.83	0	0.1
0.83	0.03	2.88127e+129
0.83	0.06	-5.55482e+129
0.83	0.09	7.83544e+129
0.83	0.12	-9.57929e+129
0.83	0.15	1.06961e+130
0.83	0.18	-1.1153e+130
0.83	0.21	1.09706e+130
0.83	0.24	-1.0212e+130
0.83	0.27	8.96854e+129
0.83	0.3	-7.34393e+129
0.83	0.33	5.44165e+129
0.83	0.36	-3.35598e+129
0.83	0.39	1.60217e+129
0.83	0.42	-6.11541e+128
0.83	0.45	1.8924e+128
0.83	0.48	-4.76373e+127
0.83	0.51	9.71085e+126
0.83	0.54	-1.58342e+126
0.83	0.57	2.0205e+125
0.83	0.6	-1.94598e+124
0.83	0.63	1.33016e+123
0.83	0.66	-5.73765e+121
0.83	0.69	1.51163e+120
0.83	0.72	-3.97963e+118
0.83	0.75	1.0469e+117
0.83	0.78	-2.75174e+115
0.83	0.81	7.22657e+113
0.83	0.84	-1.89607e+112
0.83	0.87	4.9699e+110
0.83	0.9	-1.30132e+109
0.83	0.93	3.40358e+107
0.83	0.96	-8.88533e+105
0.83	0.99	0.1
0.84	0	0.1
0.84	0.03	-1.22867e+131
0.84	0.06	2.3696e+131
0.84	0.09	-3.34442e+131
0.84	0.12	4.09199e+131
0.84	0.15	-4.57352e+131
0.84	0.18	4.77431e+131
0.84	0.21	-4.70208e+131
0.84	0.24	4.38267e+131
0.84	0.27	-3.85398e+131
0.84	0.3	3.15968e+131
0.84	0.33	-2.34372e+131
0.84	0.36	1.44672e+131
0.84	0.39	-6.91204e+130
0.84	0.42	2.64017e+130
0.84	0.45	-8.17544e+129
0.84	0.48	2.05935e+129
0.84	0.51	-4.20067e+128
0.84	0.54	6.85386e+127
0.84	0.57	-8.75132e+126
0.84	0.6	8.43396e+125
0.84	0.63	-5.76867e+124
0.84	0.66	2.48994e+123
0.84	0.69	-6.56434e+121
0.84	0.72	1.7294e+120
0.84	0.75	-4.55283e+118
0.84	0.78	1.19765e+117
0.84	0.81	-3.14792e+115
0.84	0.84	8.26679e+113
0.84	0.87	-2.16893e+112
0.84	0.9	5.68495e+110
0.84	0.93	-1.4885e+109
0.84	0.96	3.89036e+107
0.84	0.99	0.1
0.85	0	0.1
0.85	0.03	5.2404e+132
0.85	0.06	-1.011e+133
0.85	0.09	1.42772e+133
0.85	0.12	-1.74818e+133
0.85	0.15	1.95575e+133
0.85	0.18	-2.04384e+133
0.85	0.21	2.01533e+133
0.85	0.24	-1.88077e+133
0.85	0.27	1.65594e+133
0.85	0.3	-1.35919e+133
0.85	0.33	1.00921e+133
0.85	0.36	-6.23489e+132
0.85	0.39	2.98106e+132
0.85	0.42	-1.13943e+132
0.85	0.45	3.53058e+131
0.85	0.48	-8.89885e+130
0.85	0.51	1.8163e+130
0.85	0.54	-2.96529e+129
0.85	0.57	3.7885e+128
0.85	0.6	-3.65333e+127
0.85	0.63	2.50033e+126
0.85	0.66	-1.07988e+125
0.85	0.69	2.84875e+123
0.85	0.72	-7.51014e+121
0.85	0.75	1.97853e+120
0.85	0.78	-5.20857e+118
0.85	0.81	1.37012e+117
0.85	0.84	-3.60114e+115
0.85	0.87	9.45673e+113
0.85	0.9	-2.48106e+112
0.85	0.93	6.50286e+110
0.85	0.96	-1.70144e+109
0.85	0.99	0.1
0.86	0	0.1
0.86	0.03	-2.23547e+134
0.86	0.06	4.31419e+134
0.86	0.09	-6.09569e+134
0.86	0.12	7.46944e+134
0.86	0.15	-8.36389e+134
0.86	0.18	8.74978e+134
0.86	0.21	-8.63766e+134
0.86	0.24	8.07061e+134
0.86	0.27	-7.11423e+134
0.86	0.3	5.84578e+134
0.86	0.33	-4.34474e+134
0.86	0.36	2.68636e+134
0.86	0.39	-1.28531e+134
0.86	0.42	4.91591e+133
0.86	0.45	-1.52415e+133
0.86	0.48	3.84388e+132
0.86	0.51	-7.85011e+131
0.86	0.54	1.28234e+131
0.86	0.57	-1.63928e+130
0.86	0.6	1.5817e+129
0.86	0.63	-1.08314e+128
0.86	0.66	4.68075e+126
0.86	0.69	-1.23552e+125
0.86	0.72	3.25927e+123
0.86	0.75	-8.59221e+121
0.86	0.78	2.26355e+120
0.86	0.81	-5.95877e+118
0.86	0.84	1.56742e+117
0.86	0.87	-4.1196e+115
0.86	0.9	1.08179e+114
0.86	0.93	-2.83811e+112
0.86	0.96	7.43335e+110
0.86	0.99	0.1
0.87	0	0.1
0.87	0.03	9.5377e+135
0.87	0.06	-1.84125e+136
0.87	0.09	2.60293e+136
0.87	0.12	-3.1918e+136
0.87	0.15	3.57714e+136
0.87	0.18	-3.74596e+136
0.87	0.21	3.70204e+136
0.87	0.24	-3.46297e+136
0.87	0.27	3.05606e+136
0.87	0.3	-2.51382e+136
0.87	0.33	1.87007e+136
0.87	0.36	-1.15716e+136
0.87	0.39	5.5402e+135
0.87	0.42	-2.12024e+135
0.87	0.45	6.57748e+134
0.87	0.48	-1.65976e+134
0.87	0.51	3.39149e+133
0.87	0.54	-5.54314e+132
0.87	0.57	7.08991e+131
0.87	0.6	-6.84458e+130
0.87	0.63	4.68968e+129
0.87	0.66	-2.02776e+128
0.87	0.69	5.35546e+126
0.87	0.72	-1.4136e+125
0.87	0.75	3.72894e+123
0.87	0.78	-9.83018e+121
0.87	0.81	2.58962e+120
0.87	0.84	-6.817e+118
0.87	0.87	1.79313e+117
0.87	0.9	-4.71271e+115
0.87	0.93	1.23751e+114
0.87	0.96	-3.2443e+112
0.87	0.99	0.1
0.88	0	0.1
0.88	0.03	-4.06995e+137
0.88	0.06	7.85944e+137
0.88	0.09	-1.11163e+138
0.88	0.12	1.36405e+138
0.88	0.15	-1.53001e+138
0.88	0.18	1.60377e+138
0.88	0.21	-1.58665e+138
0.88	0.24	1.48582e+138
0.88	0.27	-1.31265e+138
0.88	0.3	1.08084e+138
0.88	0.33	-8.04756e+137
0.88	0.36	4.98333e+137
0.88	0.39	-2.38741e+137
0.88	0.42	9.14197e+136
0.88	0.45	-2.83761e+136
0.88	0.48	7.16425e+135
0.88	0.51	-1.46468e+135
0.88	0.54	2.39514e+134
0.88	0.57	-3.06507e+133
0.88	0.6	2.96054e+132
0.88	0.63	-2.02951e+131
0.88	0.66	8.77993e+129
0.88	0.69	-2.32009e+128
0.88	0.72	6.12743e+126
0.88	0.75	-1.61733e+125
0.88	0.78	4.26629e+123
0.88	0.81	-1.12465e+122
0.88	0.84	2.96267e+120
0.88	0.87	-7.79884e+118
0.88	0.9	2.05134e+117
0.88	0.93	-5.3912e+115
0.88	0.96	1.41466e+114
0.88	0.99	0.1
0.89	0	0.1
0.89	0.03	1.737e+139
0.89	0.06	-3.35531e+139
0.89	0.09	4.748e+139
0.89	0.12	-5.82996e+139
0.89	0.15	6.5446e+139
0.89	0.18	-6.86651e+139
0.89	0.21	6.8001e+139
0.89	0.24	-6.37468e+139
0.89	0.27	5.63758e+139
0.89	0.3	-4.64645e+139
0.89	0.33	3.4625e+139
0.89	0.36	-2.14561e+139
0.89	0.39	1.02854e+139
0.89	0.42	-3.94069e+138
0.89	0.45	1.22381e+138
0.89	0.48	-3.09137e+137
0.89	0.51	6.32321e+136
0.89	0.54	-1.03452e+136
0.89	0.57	1.32453e+135
0.89	0.6	-1.27998e+134
0.89	0.63	8.77888e+132
0.89	0.66	-3.79973e+131
0.89	0.69	1.00459e+130
0.89	0.72	-2.65456e+128
0.89	0.75	7.01067e+126
0.89	0.78	-1.85043e+125
0.89	0.81	4.88107e+123
0.89	0.84	-1.28669e+122
0.89	0.87	3.38946e+120
0.89	0.9	-8.92209e+118
0.89	0.93	2.34673e+117
0.89	0.96	-6.16312e+115
0.89	0.99	0.1
0.9	0	0.1
0.9	0.03	-7.41443e+140
0.9	0.06	1.43263e+141
0.9	0.09	-2.02822e+141
0.9	0.12	2.49198e+141
0.9	0.15	-2.79963e+141
0.9	0.18	2.93997e+141
0.9	0.21	-2.91438e+141
0.9	0.24	2.73481e+141
0.9	0.27	-2.42099e+141
0.9	0.3	1.9972e+141
0.9	0.33	-1.48949e+141
0.9	0.36	9.23613e+140
0.9	0.39	-4.43006e+140
0.9	0.42	1.6982e+140
0.9	0.45	-5.2765e+139
0.9	0.48	1.3335e+139
0.9	0.51	-2.72889e+138
0.9	0.54	4.46674e+137
0.9	0.57	-5.72155e+136
0.9	0.6	5.53169e+135
0.9	0.63	-3.79573e+134
0.9	0.66	1.64367e+133
0.9	0.69	-4.34766e+131
0.9	0.72	1.14943e+130
0.9	0.75	-3.03726e+128
0.9	0.78	8.02122e+126
0.9	0.81	-2.11712e+125
0.9	0.84	5.58444e+123
0.9	0.87	-1.47207e+122
0.9	0.9	3.87772e+120
0.9	0.93	-1.02071e+119
0.9	0.96	2.68281e+117
0.9	0.99	0.1
0.91	0	0.1
0.91	0.03	3.16531e+142
0.91	0.06	-6.11775e+142
0.91	0.09	8.665e+142
0.91	0.12	-1.06528e+143
0.91	0.15	1.19769e+143
0.91	0.18	-1.25882e+143
0.91	0.21	1.24903e+143
0.91	0.24	-1.17321e+143
0.91	0.27	1.03957e+143
0.91	0.3	-8.58349e+142
0.91	0.33	6.40639e+142
0.91	0.36	-3.97504e+142
0.91	0.39	1.90765e+142
0.91	0.42	-7.31639e+141
0.91	0.45	2.27436e+141
0.91	0.48	-5.7505e+140
0.91	0.51	1.17731e+140
0.91	0.54	-1.92793e+139
0.91	0.57	2.47061e+138
0.91	0.6	-2.38969e+137
0.91	0.63	1.64048e+136
0.91	0.66	-7.10693e+134
0.91	0.69	1.88071e+133
0.91	0.72	-4.97459e+131
0.91	0.75	1.31516e+130
0.91	0.78	-3.47512e+128
0.91	0.81	9.17743e+126
0.91	0.84	-2.42224e+125
0.91	0.87	6.38916e+123
0.91	0.9	-1.68416e+122
0.91	0.93	4.43631e+120
0.91	0.96	-1.16691e+119
0.91	0.99	0.1
0.92	0	0.1
0.92	0.03	-1.3515e+144
0.92	0.06	2.6128e+144
0.92	0.09	-3.7023e+144
0.92	0.12	4.55431e+144
0.92	0.15	-5.1241e+144
0.92	0.18	5.39007e+144
0.92	0.21	-5.35296e+144
0.92	0.24	5.03269e+144
0.92	0.27	-4.46348e+144
0.92	0.3	3.6885e+144
0.92	0.33	-2.75497e+144
0.92	0.36	1.71045e+144
0.92	0.39	-8.21286e+143
0.92	0.42	3.15137e+143
0.92	0.45	-9.80072e+142
0.92	0.48	2.4791e+142
0.92	0.51	-5.07769e+141
0.92	0.54	8.31854e+140
0.92	0.57	-1.06646e+140
0.92	0.6	1.03196e+139
0.92	0.63	-7.08718e+137
0.92	0.66	3.07163e+136
0.92	0.69	-8.13198e+134
0.92	0.72	2.15194e+133
0.92	0.75	-5.69193e+131
0.92	0.78	1.50478e+130
0.92	0.81	-3.97611e+128
0.92	0.84	1.05003e+127
0.92	0.87	-2.77134e+125
0.92	0.9	7.30984e+123
0.92	0.93	-1.92681e+122
0.92	0.96	5.07186e+120
0.92	0.99	0.1
0.93	0	0.1
0.93	0.03	5.7713e+145
0.93	0.06	-1.11603e+146
0.93	0.09	1.58206e+146
0.93	0.12	-1.94724e+146
0.93	0.15	2.19238e+146
0.93	0.18	-2.30801e+146
0.93	0.21	2.2941e+146
0.93	0.24	-2.15876e+146
0.93	0.27	1.91627e+146
0.93	0.3	-1.58483e+146
0.93	0.33	1.18455e+146
0.93	0.36	-7.35867e+145
0.93	0.39	3.53508e+145
0.93	0.42	-1.35707e+145
0.93	0.45	4.22229e+144
0.93	0.48	-1.06847e+144
0.93	0.51	2.18934e+143
0.93	0.54	-3.58813e+142
0.93	0.57	4.6019e+141
0.93	0.6	-4.4548e+140
0.93	0.63	3.06065e+139
0.93	0.66	-1.32704e+138
0.93	0.69	3.5147e+136
0.93	0.72	-9.30487e+134
0.93	0.75	2.46228e+133
0.93	0.78	-6.5127e+131
0.93	0.81	1.72174e+130
0.93	0.84	-4.54931e+128
0.93	0.87	1.20138e+127
0.93	0.9	-3.17075e+125
0.93	0.93	8.36318e+123
0.93	0.96	-2.20289e+122
0.93	0.99	0.1
0.94	0	0.1
0.94	0.03	-2.46483e+147
0.94	0.06	4.76756e+147
0.94	0.09	-6.7611e+147
0.94	0.12	8.32629e+147
0.94	0.15	-9.38077e+147
0.94	0.18	9.88309e+147
0.94	0.21	-9.83167e+147
0.94	0.24	9.25957e+147
0.94	0.27	-8.2263e+147
0.94	0.3	6.80872e+147
0.94	0.33	-5.09243e+147
0.94	0.36	3.16528e+147
0.94	0.39	-1.52132e+147
0.94	0.42	5.84266e+146
0.94	0.45	-1.81858e+146
0.94	0.48	4.60385e+145
0.94	0.51	-9.43709e+144
0.94	0.54	1.54724e+144
0.94	0.57	-1.98515e+143
0.94	0.6	1.92242e+142
0.94	0.63	-1.32129e+141
0.94	0.66	5.73104e+139
0.94	0.69	-1.51848e+138
0.94	0.72	4.02169e+136
0.94	0.75	-1.06469e+135
0.94	0.78	2.81738e+133
0.94	0.81	-7.45182e+131
0.94	0.84	1.96998e+130
0.94	0.87	-5.20515e+128
0.94	0.9	1.37455e+127
0.94	0.93	-3.62772e+125
0.94	0.96	9.56166e+123
0.94	0.99	0.1
0.95	0	0.1
0.95	0.03	1.05282e+149
0.95	0.06	-2.03688e+149
0.95	0.09	2.88973e+149
0.95	0.12	-3.56056e+149
0.95	0.15	4.01407e+149
0.95	0.18	-4.23213e+149
0.95	0.21	4.21346e+149
0.95	0.24	-3.97153e+149
0.95	0.27	3.53117e+149
0.95	0.3	-2.92482e+149
0.95	0.33	2.18895e+149
0.95	0.36	-1.3613e+149
0.95	0.39	6.54571e+148
0.95	0.42	-2.51494e+148
0.95	0.45	7.83106e+147
0.95	0.48	-1.98322e+147
0.95	0.51	4.06676e+146
0.95	0.54	-6.67002e+145
0.95	0.57	8.56087e+144
0.95	0.6	-8.29334e+143
0.95	0.63	5.70211e+142
0.95	0.66	-2.47416e+141
0.95	0.69	6.55788e+139
0.95	0.72	-1.73753e+138
0.95	0.75	4.6018e+136
0.95	0.78	-1.21825e+135
0.95	0.81	3.22369e+133
0.95	0.84	-8.52636e+131
0.95	0.87	2.25402e+130
0.95	0.9	-5.95553e+128
0.95	0.93	1.57268e+127
0.95	0.96	-4.14766e+125
0.95	0.99	0.1
0.96	0	0.1
0.96	0.03	-4.49752e+150
0.96	0.06	8.70333e+150
0.96	0.09	-1.2352e+151
0.96	0.12	1.52272e+151
0.96	0.15	-1.71773e+151
0.96	0.18	1.81232e+151
0.96	0.21	-1.80571e+151
0.96	0.24	1.70336e+151
0.96	0.27	-1.51565e+151
0.96	0.3	1.25628e+151
0.96	0.33	-9.40779e+150
0.96	0.36	5.85363e+150
0.96	0.39	-2.8159e+150
0.96	0.42	1.08233e+150
0.96	0.45	-3.37142e+149
0.96	0.48	8.54123e+148
0.96	0.51	-1.75206e+148
0.96	0.54	2.8746e+147
0.96	0.57	-3.69078e+146
0.96	0.6	3.57666e+145
0.96	0.63	-2.45999e+144
0.96	0.66	1.06776e+143
0.96	0.69	-2.83115e+141
0.96	0.72	7.50401e+139
0.96	0.75	-1.98819e+138
0.96	0.78	5.26559e+136
0.96	0.81	-1.39396e+135
0.96	0.84	3.6886e+133
0.96	0.87	-9.75585e+131
0.96	0.9	2.579e+130
0.96	0.93	-6.81408e+128
0.96	0.96	1.79812e+127
0.96	0.99	0.1
0.97	0	0.1
0.97	0.03	1.92151e+152
0.97	0.06	-3.71921e+152
0.97	0.09	5.28032e+152
0.97	0.12	-6.51259e+152
0.97	0.15	7.35101e+152
0.97	0.18	-7.76108e+152
0.97	0.21	7.73843e+152
0.97	0.24	-7.30531e+152
0.97	0.27	6.50504e+152
0.97	0.3	-5.39548e+152
0.97	0.33	4.04281e+152
0.97	0.36	-2.5167e+152
0.97	0.39	1.21116e+152
0.97	0.42	-4.65701e+151
0.97	0.45	1.45116e+151
0.97	0.48	-3.67766e+150
0.97	0.51	7.5465e+149
0.97	0.54	-1.23856e+149
0.97	0.57	1.59074e+148
0.97	0.6	-1.54206e+147
0.97	0.63	1.06096e+146
0.97	0.66	-4.60662e+144
0.97	0.69	1.22184e+143
0.97	0.72	-3.23965e+141
0.97	0.75	8.58665e+139
0.97	0.78	-2.27501e+138
0.97	0.81	6.02513e+136
0.97	0.84	-1.59502e+135
0.97	0.87	4.22054e+133
0.97	0.9	-1.11626e+132
0.97	0.93	2.95084e+130
0.97	0.96	-7.79097e+128
0.97	0.99	0.1
0.98	0	0.1
0.98	0.03	-8.21033e+153
0.98	0.06	1.5895e+154
0.98	0.09	-2.25747e+154
0.98	0.12	2.7856e+154
0.98	0.15	-3.14601e+154
0.98	0.18	3.32368e+154
0.98	0.21	-3.31631e+154
0.98	0.24	3.13296e+154
0.98	0.27	-2.79171e+154
0.98	0.3	2.31702e+154
0.98	0.33	-1.73711e+154
0.98	0.36	1.08187e+154
0.98	0.39	-5.20854e+153
0.98	0.42	2.00344e+153
0.98	0.45	-6.24501e+152
0.98	0.48	1.58318e+152
0.98	0.51	-3.2497e+151
0.98	0.54	5.3352e+150
0.98	0.57	-6.85437e+149
0.98	0.6	6.64667e+148
0.98	0.63	-4.57442e+147
0.98	0.66	1.9868e+146
0.98	0.69	-5.2714e+144
0.98	0.72	1.39815e+143
0.98	0.75	-3.70709e+141
0.98	0.78	9.82547e+139
0.98	0.81	-2.6032e+138
0.98	0.84	6.89422e+136
0.98	0.87	-1.82506e+135
0.98	0.9	4.82921e+133
0.98	0.93	-1.27722e+132
0.98	0.96	3.37393e+130
0.98	0.99	0.1
0.99	0	0.1
0.99	0.03	3.50853e+155
0.99	0.06	-6.79384e+155
0.99	0.09	9.65207e+155
0.99	0.12	-1.19155e+156
0.99	0.15	1.34646e+156
0.99	0.18	-1.42339e+156
0.99	0.21	1.4212e+156
0.99	0.24	-1.34355e+156
0.99	0.27	1.19802e+156
0.99	0.3	-9.94926e+155
0.99	0.33	7.46307e+155
0.99	0.36	-4.65005e+155
0.99	0.39	2.23956e+155
0.99	0.42	-8.61733e+154
0.99	0.45	2.687e+154
0.99	0.48	-6.81398e+153
0.99	0.51	1.39909e+153
0.99	0.54	-2.29765e+152
0.99	0.57	2.95276e+151
0.99	0.6	-2.86413e+150
0.99	0.63	1.97176e+149
0.99	0.66	-8.56646e+147
0.99	0.69	2.27354e+146
0.99	0.72	-6.03212e+144
0.99	0.75	1.5999e+143
0.99	0.78	-4.24197e+141
0.99	0.81	1.1243e+140
0.99	0.84	-2.97873e+138
0.99	0.87	7.88868e+136
0.99	0.9	-2.08829e+135
0.99	0.93	5.52564e+133
0.99	0.96	-1.46037e+132
0.99	0.99	0.1
