0	0	0
0	0.2	0
0	0.4	0
0	0.6	0
0	0.8	0
0	1	0
0	1.2	0
0	1.4	0
0	1.6	0
0	1.8	0
0	2	0
0	2.2	0
0	2.4	0
0	2.6	0
0	2.8	0
0	3	0
0	3.2	0
0	3.4	0
0	3.6	0
0	3.8	0
0	4	0
0	4.2	0
0	4.4	0
0	4.6	0
0	4.8	0
0	5	0
0	5.2	0
0	5.4	0
0	5.6	0
0	5.8	0
0	6	0
0	6.2	0
0	6.4	0
0	6.6	0
0	6.8	0
0	7	0
0	7.2	0
0	7.4	0
0	7.6	0
0	7.8	0
0	8	0
0	8.2	0
0	8.4	0
0	8.6	0
0	8.8	0
0	9	0
0	9.2	0
0	9.4	0
0	9.6	0
0	9.8	0
0	10	0
0.02	0	1.41421
0.02	0.2	0.289864
0.02	0.4	0.00300646
0.02	0.6	3.08858e-09
0.02	0.8	0
0.02	1	0
0.02	1.2	0
0.02	1.4	0
0.02	1.6	0
0.02	1.8	0
0.02	2	0
0.02	2.2	0
0.02	2.4	0
0.02	2.6	0
0.02	2.8	0
0.02	3	0
0.02	3.2	0
0.02	3.4	0
0.02	3.6	0
0.02	3.8	0
0.02	4	0
0.02	4.2	0
0.02	4.4	0
0.02	4.6	0
0.02	4.8	0
0.02	5	0
0.02	5.2	0
0.02	5.4	0
0.02	5.6	0
0.02	5.8	0
0.02	6	0
0.02	6.2	0
0.02	6.4	0
0.02	6.6	0
0.02	6.8	0
0.02	7	0
0.02	7.2	0
0.02	7.4	0
0.02	7.6	0
0.02	7.8	0
0.02	8	0
0.02	8.2	0
0.02	8.4	0
0.02	8.6	0
0.02	8.8	0
0.02	9	0
0.02	9.2	0
0.02	9.4	0
0.02	9.6	0
0.02	9.8	0
0.02	10	0
0.04	0	2
0.04	0.2	0.880177
0.04	0.4	0.0809204
0.04	0.6	6.30919e-05
0.04	0.8	3.15638e-15
0.04	1	1.8377e-52
0.04	1.2	4.34369e-183
0.04	1.4	0
0.04	1.6	0
0.04	1.8	0
0.04	2	0
0.04	2.2	0
0.04	2.4	0
0.04	2.6	0
0.04	2.8	0
0.04	3	0
0.04	3.2	0
0.04	3.4	0
0.04	3.6	0
0.04	3.8	0
0.04	4	0
0.04	4.2	0
0.04	4.4	0
0.04	4.6	0
0.04	4.8	0
0.04	5	0
0.04	5.2	0
0.04	5.4	0
0.04	5.6	0
0.04	5.8	0
0.04	6	0
0.04	6.2	0
0.04	6.4	0
0.04	6.6	0
0.04	6.8	0
0.04	7	0
0.04	7.2	0
0.04	7.4	0
0.04	7.6	0
0.04	7.8	0
0.04	8	0
0.04	8.2	0
0.04	8.4	0
0.04	8.6	0
0.04	8.8	0
0.04	9	0
0.04	9.2	0
0.04	9.4	0
0.04	9.6	0
0.04	9.8	0
0.04	10	0
0.06	0	2.44949
0.06	0.2	1.51256
0.06	0.4	0.411357
0.06	0.6	0.00855955
0.06	0.8	4.92582e-08
0.06	1	5.01316e-26
0.06	1.2	1.4287e-89
0.06	1.4	8.46669e-306
0.06	1.6	0
0.06	1.8	0
0.06	2	0
0.06	2.2	0
0.06	2.4	0
0.06	2.6	0
0.06	2.8	0
0.06	3	0
0.06	3.2	0
0.06	3.4	0
0.06	3.6	0
0.06	3.8	0
0.06	4	0
0.06	4.2	0
0.06	4.4	0
0.06	4.6	0
0.06	4.8	0
0.06	5	0
0.06	5.2	0
0.06	5.4	0
0.06	5.6	0
0.06	5.8	0
0.06	6	0
0.06	6.2	0
0.06	6.4	0
0.06	6.6	0
0.06	6.8	0
0.06	7	0
0.06	7.2	0
0.06	7.4	0
0.06	7.6	0
0.06	7.8	0
0.06	8	0
0.06	8.2	0
0.06	8.4	0
0.06	8.6	0
0.06	8.8	0
0.06	9	0
0.06	9.2	0
0.06	9.4	0
0.06	9.6	0
0.06	9.8	0
0.06	10	0
0.08	0	2.82843
0.08	0.2	2.03749
0.08	0.4	0.981822
0.08	0.6	0.115112
0.08	0.8	0.000178268
0.08	1	1.37044e-13
0.08	1.2	1.64699e-45
0.08	1.4	2.29759e-156
0.08	1.6	0
0.08	1.8	0
0.08	2	0
0.08	2.2	0
0.08	2.4	0
0.08	2.6	0
0.08	2.8	0
0.08	3	0
0.08	3.2	0
0.08	3.4	0
0.08	3.6	0
0.08	3.8	0
0.08	4	0
0.08	4.2	0
0.08	4.4	0
0.08	4.6	0
0.08	4.8	0
0.08	5	0
0.08	5.2	0
0.08	5.4	0
0.08	5.6	0
0.08	5.8	0
0.08	6	0
0.08	6.2	0
0.08	6.4	0
0.08	6.6	0
0.08	6.8	0
0.08	7	0
0.08	7.2	0
0.08	7.4	0
0.08	7.6	0
0.08	7.8	0
0.08	8	0
0.08	8.2	0
0.08	8.4	0
0.08	8.6	0
0.08	8.8	0
0.08	9	0
0.08	9.2	0
0.08	9.4	0
0.08	9.6	0
0.08	9.8	0
0.08	10	0
0.1	0	3.16228
0.1	0.2	2.46926
0.1	0.4	1.57224
0.1	0.6	0.474488
0.1	0.8	0.0132257
0.1	1	2.01208e-07
0.1	1.2	1.06171e-23
0.1	1.4	9.3055e-81
0.1	1.6	6.22165e-275
0.1	1.8	0
0.1	2	0
0.1	2.2	0
0.1	2.4	0
0.1	2.6	0
0.1	2.8	0
0.1	3	0
0.1	3.2	0
0.1	3.4	0
0.1	3.6	0
0.1	3.8	0
0.1	4	0
0.1	4.2	0
0.1	4.4	0
0.1	4.6	0
0.1	4.8	0
0.1	5	0
0.1	5.2	0
0.1	5.4	0
0.1	5.6	0
0.1	5.8	0
0.1	6	0
0.1	6.2	0
0.1	6.4	0
0.1	6.6	0
0.1	6.8	0
0.1	7	0
0.1	7.2	0
0.1	7.4	0
0.1	7.6	0
0.1	7.8	0
0.1	8	0
0.1	8.2	0
0.1	8.4	0
0.1	8.6	0
0.1	8.8	0
0.1	9	0
0.1	9.2	0
0.1	9.4	0
0.1	9.6	0
0.1	9.8	0
0.1	10	0
0.12	0	3.4641
0.12	0.2	2.84094
0.12	0.4	2.0701
0.12	0.6	1.04198
0.12	0.8	0.139047
0.12	1	0.000321308
0.12	1.2	1.07994e-12
0.12	1.4	3.97549e-42
0.12	1.6	3.68298e-144
0.12	1.8	0
0.12	2	0
0.12	2.2	0
0.12	2.4	0
0.12	2.6	0
0.12	2.8	0
0.12	3	0
0.12	3.2	0
0.12	3.4	0
0.12	3.6	0
0.12	3.8	0
0.12	4	0
0.12	4.2	0
0.12	4.4	0
0.12	4.6	0
0.12	4.8	0
0.12	5	0
0.12	5.2	0
0.12	5.4	0
0.12	5.6	0
0.12	5.8	0
0.12	6	0
0.12	6.2	0
0.12	6.4	0
0.12	6.6	0
0.12	6.8	0
0.12	7	0
0.12	7.2	0
0.12	7.4	0
0.12	7.6	0
0.12	7.8	0
0.12	8	0
0.12	8.2	0
0.12	8.4	0
0.12	8.6	0
0.12	8.8	0
0.12	9	0
0.12	9.2	0
0.12	9.4	0
0.12	9.6	0
0.12	9.8	0
0.12	10	0
0.14	0	3.74166
0.14	0.2	3.17107
0.14	0.4	2.48908
0.14	0.6	1.61257
0.14	0.8	0.517683
0.14	1	0.0172663
0.14	1.2	4.77508e-07
0.14	1.4	2.47031e-22
0.14	1.6	9.28761e-76
0.14	1.8	1.38616e-257
0.14	2	0
0.14	2.2	0
0.14	2.4	0
0.14	2.6	0
0.14	2.8	0
0.14	3	0
0.14	3.2	0
0.14	3.4	0
0.14	3.6	0
0.14	3.8	0
0.14	4	0
0.14	4.2	0
0.14	4.4	0
0.14	4.6	0
0.14	4.8	0
0.14	5	0
0.14	5.2	0
0.14	5.4	0
0.14	5.6	0
0.14	5.8	0
0.14	6	0
0.14	6.2	0
0.14	6.4	0
0.14	6.6	0
0.14	6.8	0
0.14	7	0
0.14	7.2	0
0.14	7.4	0
0.14	7.6	0
0.14	7.8	0
0.14	8	0
0.14	8.2	0
0.14	8.4	0
0.14	8.6	0
0.14	8.8	0
0.14	9	0
0.14	9.2	0
0.14	9.4	0
0.14	9.6	0
0.14	9.8	0
0.14	10	0
0.16	0	4
0.16	0.2	3.47075
0.16	0.4	2.85421
0.16	0.6	2.09536
0.16	0.8	1.0842
0.16	1	0.157569
0.16	1.2	0.000473812
0.16	1.4	4.1024e-12
0.16	1.6	5.40301e-40
0.16	1.8	1.42714e-136
0.16	2	0
0.16	2.2	0
0.16	2.4	0
0.16	2.6	0
0.16	2.8	0
0.16	3	0
0.16	3.2	0
0.16	3.4	0
0.16	3.6	0
0.16	3.8	0
0.16	4	0
0.16	4.2	0
0.16	4.4	0
0.16	4.6	0
0.16	4.8	0
0.16	5	0
0.16	5.2	0
0.16	5.4	0
0.16	5.6	0
0.16	5.8	0
0.16	6	0
0.16	6.2	0
0.16	6.4	0
0.16	6.6	0
0.16	6.8	0
0.16	7	0
0.16	7.2	0
0.16	7.4	0
0.16	7.6	0
0.16	7.8	0
0.16	8	0
0.16	8.2	0
0.16	8.4	0
0.16	8.6	0
0.16	8.8	0
0.16	9	0
0.16	9.2	0
0.16	9.4	0
0.16	9.6	0
0.16	9.8	0
0.16	10	0
0.18	0	4.24264
0.18	0.2	3.74692
0.18	0.4	3.18065
0.18	0.6	2.50603
0.18	0.8	1.64264
0.18	1	0.550363
0.18	1.2	0.0208013
0.18	1.4	8.69043e-07
0.18	1.6	2.10355e-21
0.18	1.8	2.10618e-72
0.18	2	4.94927e-246
0.18	2.2	0
0.18	2.4	0
0.18	2.6	0
0.18	2.8	0
0.18	3	0
0.18	3.2	0
0.18	3.4	0
0.18	3.6	0
0.18	3.8	0
0.18	4	0
0.18	4.2	0
0.18	4.4	0
0.18	4.6	0
0.18	4.8	0
0.18	5	0
0.18	5.2	0
0.18	5.4	0
0.18	5.6	0
0.18	5.8	0
0.18	6	0
0.18	6.2	0
0.18	6.4	0
0.18	6.6	0
0.18	6.8	0
0.18	7	0
0.18	7.2	0
0.18	7.4	0
0.18	7.6	0
0.18	7.8	0
0.18	8	0
0.18	8.2	0
0.18	8.4	0
0.18	8.6	0
0.18	8.8	0
0.18	9	0
0.18	9.2	0
0.18	9.4	0
0.18	9.6	0
0.18	9.8	0
0.18	10	0
0.2	0	4.47214
0.2	0.2	4.00432
0.2	0.4	3.47804
0.2	0.6	2.8663
0.2	0.8	2.11567
0.2	1	1.1165
0.2	1.2	0.172695
0.2	1.4	0.000628663
0.2	1.6	1.07084e-11
0.2	1.8	1.7669e-38
0.2	2	3.15123e-131
0.2	2.2	0
0.2	2.4	0
0.2	2.6	0
0.2	2.8	0
0.2	3	0
0.2	3.2	0
0.2	3.4	0
0.2	3.6	0
0.2	3.8	0
0.2	4	0
0.2	4.2	0
0.2	4.4	0
0.2	4.6	0
0.2	4.8	0
0.2	5	0
0.2	5.2	0
0.2	5.4	0
0.2	5.6	0
0.2	5.8	0
0.2	6	0
0.2	6.2	0
0.2	6.4	0
0.2	6.6	0
0.2	6.8	0
0.2	7	0
0.2	7.2	0
0.2	7.4	0
0.2	7.6	0
0.2	7.8	0
0.2	8	0
0.2	8.2	0
0.2	8.4	0
0.2	8.6	0
0.2	8.8	0
0.2	9	0
0.2	9.2	0
0.2	9.4	0
0.2	9.6	0
0.2	9.8	0
0.2	10	0
0.22	0	4.69042
0.22	0.2	4.24626
0.22	0.4	3.7527
0.22	0.6	3.18974
0.22	0.8	2.52049
0.22	1	1.66651
0.22	1.2	0.576582
0.22	1.4	0.0239496
0.22	1.6	1.363e-06
0.22	1.8	1.03428e-20
0.22	2	6.29043e-70
0.22	2.2	1.48332e-237
0.22	2.4	0
0.22	2.6	0
0.22	2.8	0
0.22	3	0
0.22	3.2	0
0.22	3.4	0
0.22	3.6	0
0.22	3.8	0
0.22	4	0
0.22	4.2	0
0.22	4.4	0
0.22	4.6	0
0.22	4.8	0
0.22	5	0
0.22	5.2	0
0.22	5.4	0
0.22	5.6	0
0.22	5.8	0
0.22	6	0
0.22	6.2	0
0.22	6.4	0
0.22	6.6	0
0.22	6.8	0
0.22	7	0
0.22	7.2	0
0.22	7.4	0
0.22	7.6	0
0.22	7.8	0
0.22	8	0
0.22	8.2	0
0.22	8.4	0
0.22	8.6	0
0.22	8.8	0
0.22	9	0
0.22	9.2	0
0.22	9.4	0
0.22	9.6	0
0.22	9.8	0
0.22	10	0
0.24	0	4.89898
0.24	0.2	4.47524
0.24	0.4	4.00904
0.24	0.6	3.48515
0.24	0.8	2.87708
0.24	1	2.13256
0.24	1.2	1.14254
0.24	1.4	0.185515
0.24	1.6	0.000783211
0.24	1.8	2.24253e-11
0.24	2	2.53919e-37
0.24	2.2	3.64109e-127
0.24	2.4	0
0.24	2.6	0
0.24	2.8	0
0.24	3	0
0.24	3.2	0
0.24	3.4	0
0.24	3.6	0
0.24	3.8	0
0.24	4	0
0.24	4.2	0
0.24	4.4	0
0.24	4.6	0
0.24	4.8	0
0.24	5	0
0.24	5.2	0
0.24	5.4	0
0.24	5.6	0
0.24	5.8	0
0.24	6	0
0.24	6.2	0
0.24	6.4	0
0.24	6.6	0
0.24	6.8	0
0.24	7	0
0.24	7.2	0
0.24	7.4	0
0.24	7.6	0
0.24	7.8	0
0.24	8	0
0.24	8.2	0
0.24	8.4	0
0.24	8.6	0
0.24	8.8	0
0.24	9	0
0.24	9.2	0
0.24	9.4	0
0.24	9.6	0
0.24	9.8	0
0.24	10	0
0.26	0	5.09902
0.26	0.2	4.69311
0.26	0.4	4.25022
0.26	0.6	3.75843
0.26	0.8	3.1981
0.26	1	2.533
0.26	1.2	1.68623
0.26	1.4	0.598468
0.26	1.6	0.0268002
0.26	1.8	1.94842e-06
0.26	2	3.62914e-20
0.26	2.2	5.48616e-68
0.26	2.4	6.22242e-231
0.26	2.6	0
0.26	2.8	0
0.26	3	0
0.26	3.2	0
0.26	3.4	0
0.26	3.6	0
0.26	3.8	0
0.26	4	0
0.26	4.2	0
0.26	4.4	0
0.26	4.6	0
0.26	4.8	0
0.26	5	0
0.26	5.2	0
0.26	5.4	0
0.26	5.6	0
0.26	5.8	0
0.26	6	0
0.26	6.2	0
0.26	6.4	0
0.26	6.6	0
0.26	6.8	0
0.26	7	0
0.26	7.2	0
0.26	7.4	0
0.26	7.6	0
0.26	7.8	0
0.26	8	0
0.26	8.2	0
0.26	8.4	0
0.26	8.6	0
0.26	8.8	0
0.26	9	0
0.26	9.2	0
0.26	9.4	0
0.26	9.6	0
0.26	9.8	0
0.26	10	0
0.28	0	5.2915
0.28	0.2	4.90136
0.28	0.4	4.47861
0.28	0.6	4.01378
0.28	0.8	3.49183
0.28	1	2.88669
0.28	1.2	2.14699
0.28	1.4	1.16433
0.28	1.6	0.196678
0.28	1.8	0.000936476
0.28	2	4.0741e-11
0.28	2.2	2.15908e-36
0.28	2.4	6.49172e-124
0.28	2.6	0
0.28	2.8	0
0.28	3	0
0.28	3.2	0
0.28	3.4	0
0.28	3.6	0
0.28	3.8	0
0.28	4	0
0.28	4.2	0
0.28	4.4	0
0.28	4.6	0
0.28	4.8	0
0.28	5	0
0.28	5.2	0
0.28	5.4	0
0.28	5.6	0
0.28	5.8	0
0.28	6	0
0.28	6.2	0
0.28	6.4	0
0.28	6.6	0
0.28	6.8	0
0.28	7	0
0.28	7.2	0
0.28	7.4	0
0.28	7.6	0
0.28	7.8	0
0.28	8	0
0.28	8.2	0
0.28	8.4	0
0.28	8.6	0
0.28	8.8	0
0.28	9	0
0.28	9.2	0
0.28	9.4	0
0.28	9.6	0
0.28	9.8	0
0.28	10	0
0.3	0	5.47723
0.3	0.2	5.10113
0.3	0.4	4.69603
0.3	0.6	4.25421
0.3	0.8	3.76391
0.3	1	3.20573
0.3	1.2	2.54398
0.3	1.4	1.70302
0.3	1.6	0.617264
0.3	1.8	0.0294164
0.3	2	2.61668e-06
0.3	2.2	1.01685e-19
0.3	2.4	2.11903e-66
0.3	2.6	1.57325e-225
0.3	2.8	0
0.3	3	0
0.3	3.2	0
0.3	3.4	0
0.3	3.6	0
0.3	3.8	0
0.3	4	0
0.3	4.2	0
0.3	4.4	0
0.3	4.6	0
0.3	4.8	0
0.3	5	0
0.3	5.2	0
0.3	5.4	0
0.3	5.6	0
0.3	5.8	0
0.3	6	0
0.3	6.2	0
0.3	6.4	0
0.3	6.6	0
0.3	6.8	0
0.3	7	0
0.3	7.2	0
0.3	7.4	0
0.3	7.6	0
0.3	7.8	0
0.3	8	0
0.3	8.2	0
0.3	8.4	0
0.3	8.6	0
0.3	8.8	0
0.3	9	0
0.3	9.2	0
0.3	9.4	0
0.3	9.6	0
0.3	9.8	0
0.3	10	0
0.32	0	5.65685
0.32	0.2	5.2934
0.32	0.4	4.90391
0.32	0.6	4.48204
0.32	0.8	4.01837
0.32	1	3.49805
0.32	1.2	2.89533
0.32	1.4	2.15957
0.32	1.6	1.18305
0.32	1.8	0.206595
0.32	2	0.00108812
0.32	2.2	6.70911e-11
0.32	2.4	1.28096e-35
0.32	2.6	3.23514e-121
0.32	2.8	0
0.32	3	0
0.32	3.2	0
0.32	3.4	0
0.32	3.6	0
0.32	3.8	0
0.32	4	0
0.32	4.2	0
0.32	4.4	0
0.32	4.6	0
0.32	4.8	0
0.32	5	0
0.32	5.2	0
0.32	5.4	0
0.32	5.6	0
0.32	5.8	0
0.32	6	0
0.32	6.2	0
0.32	6.4	0
0.32	6.6	0
0.32	6.8	0
0.32	7	0
0.32	7.2	0
0.32	7.4	0
0.32	7.6	0
0.32	7.8	0
0.32	8	0
0.32	8.2	0
0.32	8.4	0
0.32	8.6	0
0.32	8.8	0
0.32	9	0
0.32	9.2	0
0.32	9.4	0
0.32	9.6	0
0.32	9.8	0
0.32	10	0
0.34	0	5.83095
0.34	0.2	5.47893
0.34	0.4	5.10339
0.34	0.6	4.69901
0.34	0.8	4.25812
0.34	1	3.76909
0.34	1.2	3.21272
0.34	1.4	2.55376
0.34	1.6	1.71763
0.34	1.8	0.63375
0.34	2	0.0318433
0.34	2.2	3.36087e-06
0.34	2.4	2.42917e-19
0.34	2.6	4.61098e-65
0.34	2.8	5.5432e-221
0.34	3	0
0.34	3.2	0
0.34	3.4	0
0.34	3.6	0
0.34	3.8	0
0.34	4	0
0.34	4.2	0
0.34	4.4	0
0.34	4.6	0
0.34	4.8	0
0.34	5	0
0.34	5.2	0
0.34	5.4	0
0.34	5.6	0
0.34	5.8	0
0.34	6	0
0.34	6.2	0
0.34	6.4	0
0.34	6.6	0
0.34	6.8	0
0.34	7	0
0.34	7.2	0
0.34	7.4	0
0.34	7.6	0
0.34	7.8	0
0.34	8	0
0.34	8.2	0
0.34	8.4	0
0.34	8.6	0
0.34	8.8	0
0.34	9	0
0.34	9.2	0
0.34	9.4	0
0.34	9.6	0
0.34	9.8	0
0.34	10	0
0.36	0	6
0.36	0.2	5.65841
0.36	0.4	5.29542
0.36	0.6	4.90653
0.36	0.8	4.48542
0.36	1	4.02275
0.36	1.2	3.50382
0.36	1.4	2.90315
0.36	1.6	2.17071
0.36	1.8	1.19945
0.36	2	0.21554
0.36	2.2	0.00123805
0.36	2.4	1.02857e-10
0.36	2.6	5.85685e-35
0.36	2.8	6.43285e-119
0.36	3	0
0.36	3.2	0
0.36	3.4	0
0.36	3.6	0
0.36	3.8	0
0.36	4	0
0.36	4.2	0
0.36	4.4	0
0.36	4.6	0
0.36	4.8	0
0.36	5	0
0.36	5.2	0
0.36	5.4	0
0.36	5.6	0
0.36	5.8	0
0.36	6	0
0.36	6.2	0
0.36	6.4	0
0.36	6.6	0
0.36	6.8	0
0.36	7	0
0.36	7.2	0
0.36	7.4	0
0.36	7.6	0
0.36	7.8	0
0.36	8	0
0.36	8.2	0
0.36	8.4	0
0.36	8.6	0
0.36	8.8	0
0.36	9	0
0.36	9.2	0
0.36	9.4	0
0.36	9.6	0
0.36	9.8	0
0.36	10	0
0.38	0	6.16441
0.38	0.2	5.83237
0.38	0.4	5.48075
0.38	0.6	5.10571
0.38	0.8	4.70196
0.38	1	4.26189
0.38	1.2	3.77396
0.38	1.4	3.21913
0.38	1.6	2.56256
0.38	1.8	1.73055
0.38	2	0.648446
0.38	2.2	0.0341139
0.38	2.4	4.17538e-06
0.38	2.6	5.15537e-19
0.38	2.8	6.56596e-64
0.38	3	4.57388e-217
0.38	3.2	0
0.38	3.4	0
0.38	3.6	0
0.38	3.8	0
0.38	4	0
0.38	4.2	0
0.38	4.4	0
0.38	4.6	0
0.38	4.8	0
0.38	5	0
0.38	5.2	0
0.38	5.4	0
0.38	5.6	0
0.38	5.8	0
0.38	6	0
0.38	6.2	0
0.38	6.4	0
0.38	6.6	0
0.38	6.8	0
0.38	7	0
0.38	7.2	0
0.38	7.4	0
0.38	7.6	0
0.38	7.8	0
0.38	8	0
0.38	8.2	0
0.38	8.4	0
0.38	8.6	0
0.38	8.8	0
0.38	9	0
0.38	9.2	0
0.38	9.4	0
0.38	9.6	0
0.38	9.8	0
0.38	10	0
0.4	0	6.32456
0.4	0.2	6.0013
0.4	0.4	5.66006
0.4	0.6	5.2975
0.4	0.8	4.90914
0.4	1	4.4887
0.4	1.2	4.02692
0.4	1.4	3.50919
0.4	1.6	2.91029
0.4	1.8	2.1807
0.4	2	1.21404
0.4	2.2	0.223705
0.4	2.4	0.00138626
0.4	2.6	1.49367e-10
0.4	2.8	2.20005e-34
0.4	3	6.40952e-117
0.4	3.2	0
0.4	3.4	0
0.4	3.6	0
0.4	3.8	0
0.4	4	0
0.4	4.2	0
0.4	4.4	0
0.4	4.6	0
0.4	4.8	0
0.4	5	0
0.4	5.2	0
0.4	5.4	0
0.4	5.6	0
0.4	5.8	0
0.4	6	0
0.4	6.2	0
0.4	6.4	0
0.4	6.6	0
0.4	6.8	0
0.4	7	0
0.4	7.2	0
0.4	7.4	0
0.4	7.6	0
0.4	7.8	0
0.4	8	0
0.4	8.2	0
0.4	8.4	0
0.4	8.6	0
0.4	8.8	0
0.4	9	0
0.4	9.2	0
0.4	9.4	0
0.4	9.6	0
0.4	9.8	0
0.4	10	0
0.42	0	6.48074
0.42	0.2	6.16561
0.42	0.4	5.83387
0.42	0.6	5.48262
0.42	0.8	5.10804
0.42	1	4.70484
0.42	1.2	4.2655
0.42	1.4	3.77852
0.42	1.6	3.22505
0.42	1.8	2.57055
0.42	2	1.74214
0.42	2.2	0.661712
0.42	2.4	0.0362529
0.42	2.6	5.05543e-06
0.42	2.8	9.98848e-19
0.42	3	6.75422e-63
0.42	3.2	1.24309e-213
0.42	3.4	0
0.42	3.6	0
0.42	3.8	0
0.42	4	0
0.42	4.2	0
0.42	4.4	0
0.42	4.6	0
0.42	4.8	0
0.42	5	0
0.42	5.2	0
0.42	5.4	0
0.42	5.6	0
0.42	5.8	0
0.42	6	0
0.42	6.2	0
0.42	6.4	0
0.42	6.6	0
0.42	6.8	0
0.42	7	0
0.42	7.2	0
0.42	7.4	0
0.42	7.6	0
0.42	7.8	0
0.42	8	0
0.42	8.2	0
0.42	8.4	0
0.42	8.6	0
0.42	8.8	0
0.42	9	0
0.42	9.2	0
0.42	9.4	0
0.42	9.6	0
0.42	9.8	0
0.42	10	0
0.44	0	6.63325
0.44	0.2	6.32567
0.44	0.4	6.00268
0.44	0.6	5.66175
0.44	0.8	5.29958
0.44	1	4.91169
0.44	1.2	4.49186
0.44	1.4	4.03086
0.44	1.6	3.5142
0.44	1.8	2.91684
0.44	2	2.18976
0.44	2.2	1.22719
0.44	2.4	0.231229
0.44	2.6	0.00153282
0.44	2.8	2.07895e-10
0.44	3	7.09008e-34
0.44	3.2	3.7316e-115
0.44	3.4	0
0.44	3.6	0
0.44	3.8	0
0.44	4	0
0.44	4.2	0
0.44	4.4	0
0.44	4.6	0
0.44	4.8	0
0.44	5	0
0.44	5.2	0
0.44	5.4	0
0.44	5.6	0
0.44	5.8	0
0.44	6	0
0.44	6.2	0
0.44	6.4	0
0.44	6.6	0
0.44	6.8	0
0.44	7	0
0.44	7.2	0
0.44	7.4	0
0.44	7.6	0
0.44	7.8	0
0.44	8	0
0.44	8.2	0
0.44	8.4	0
0.44	8.6	0
0.44	8.8	0
0.44	9	0
0.44	9.2	0
0.44	9.4	0
0.44	9.6	0
0.44	9.8	0
0.44	10	0
0.46	0	6.78233
0.46	0.2	6.48177
0.46	0.4	6.16688
0.46	0.6	5.83542
0.46	0.8	5.48451
0.46	1	5.11033
0.46	1.2	4.70764
0.46	1.4	4.26894
0.46	1.6	3.78282
0.46	1.8	3.23055
0.46	2	2.57787
0.46	2.2	1.75264
0.46	2.4	0.673811
0.46	2.6	0.0382789
0.46	2.8	5.99692e-06
0.46	3	1.80053e-18
0.46	3.2	5.37395e-62
0.46	3.4	1.40756e-210
0.46	3.6	0
0.46	3.8	0
0.46	4	0
0.46	4.2	0
0.46	4.4	0
0.46	4.6	0
0.46	4.8	0
0.46	5	0
0.46	5.2	0
0.46	5.4	0
0.46	5.6	0
0.46	5.8	0
0.46	6	0
0.46	6.2	0
0.46	6.4	0
0.46	6.6	0
0.46	6.8	0
0.46	7	0
0.46	7.2	0
0.46	7.4	0
0.46	7.6	0
0.46	7.8	0
0.46	8	0
0.46	8.2	0
0.46	8.4	0
0.46	8.6	0
0.46	8.8	0
0.46	9	0
0.46	9.2	0
0.46	9.4	0
0.46	9.6	0
0.46	9.8	0
0.46	10	0
0.48	0	6.9282
0.48	0.2	6.63421
0.48	0.4	6.32684
0.48	0.6	6.0041
0.48	0.8	5.66346
0.48	1	5.30164
0.48	1.2	4.91419
0.48	1.4	4.49489
0.48	1.6	4.03459
0.48	1.8	3.51888
0.48	2	2.9229
0.48	2.2	2.19805
0.48	2.4	1.23916
0.48	2.6	0.238216
0.48	2.8	0.00167775
0.48	3	2.79659e-10
0.48	3.2	2.02117e-33
0.48	3.4	1.4144e-113
0.48	3.6	0
0.48	3.8	0
0.48	4	0
0.48	4.2	0
0.48	4.4	0
0.48	4.6	0
0.48	4.8	0
0.48	5	0
0.48	5.2	0
0.48	5.4	0
0.48	5.6	0
0.48	5.8	0
0.48	6	0
0.48	6.2	0
0.48	6.4	0
0.48	6.6	0
0.48	6.8	0
0.48	7	0
0.48	7.2	0
0.48	7.4	0
0.48	7.6	0
0.48	7.8	0
0.48	8	0
0.48	8.2	0
0.48	8.4	0
0.48	8.6	0
0.48	8.8	0
0.48	9	0
0.48	9.2	0
0.48	9.4	0
0.48	9.6	0
0.48	9.8	0
0.48	10	0
0.5	0	7.07107
0.5	0.2	6.78323
0.5	0.4	6.48286
0.5	0.6	6.16819
0.5	0.8	5.83698
0.5	1	5.48638
0.5	1.2	5.11256
0.5	1.4	4.71034
0.5	1.6	4.27222
0.5	1.8	3.78686
0.5	2	3.23566
0.5	2.2	2.58462
0.5	2.4	1.76223
0.5	2.6	0.684937
0.5	2.8	0.0402068
0.5	3	6.99621e-06
0.5	3.2	3.06115e-18
0.5	3.4	3.47343e-61
0.5	3.6	7.85699e-208
0.5	3.8	0
0.5	4	0
0.5	4.2	0
0.5	4.4	0
0.5	4.6	0
0.5	4.8	0
0.5	5	0
0.5	5.2	0
0.5	5.4	0
0.5	5.6	0
0.5	5.8	0
0.5	6	0
0.5	6.2	0
0.5	6.4	0
0.5	6.6	0
0.5	6.8	0
0.5	7	0
0.5	7.2	0
0.5	7.4	0
0.5	7.6	0
0.5	7.8	0
0.5	8	0
0.5	8.2	0
0.5	8.4	0
0.5	8.6	0
0.5	8.8	0
0.5	9	0
0.5	9.2	0
0.5	9.4	0
0.5	9.6	0
0.5	9.8	0
0.5	10	0
0.52	0	7.2111
0.52	0.2	6.92905
0.52	0.4	6.63522
0.52	0.6	6.32805
0.52	0.8	6.00553
0.52	1	5.66517
0.52	1.2	5.30367
0.52	1.4	4.9166
0.52	1.6	4.49779
0.52	1.8	4.03812
0.52	2	3.52327
0.52	2.2	2.92853
0.52	2.4	2.20569
0.52	2.6	1.25013
0.52	2.8	0.244744
0.52	3	0.00182113
0.52	3.2	3.65826e-10
0.52	3.4	5.21184e-33
0.52	3.6	3.77637e-112
0.52	3.8	0
0.52	4	0
0.52	4.2	0
0.52	4.4	0
0.52	4.6	0
0.52	4.8	0
0.52	5	0
0.52	5.2	0
0.52	5.4	0
0.52	5.6	0
0.52	5.8	0
0.52	6	0
0.52	6.2	0
0.52	6.4	0
0.52	6.6	0
0.52	6.8	0
0.52	7	0
0.52	7.2	0
0.52	7.4	0
0.52	7.6	0
0.52	7.8	0
0.52	8	0
0.52	8.2	0
0.52	8.4	0
0.52	8.6	0
0.52	8.8	0
0.52	9	0
0.52	9.2	0
0.52	9.4	0
0.52	9.6	0
0.52	9.8	0
0.52	10	0
0.54	0	7.34847
0.54	0.2	7.07186
0.54	0.4	6.78417
0.54	0.6	6.48398
0.54	0.8	6.16951
0.54	1	5.83854
0.54	1.2	5.48822
0.54	1.4	5.11474
0.54	1.6	4.71293
0.54	1.8	4.27534
0.54	2	3.79068
0.54	2.2	3.24045
0.54	2.4	2.59088
0.54	2.6	1.77107
0.54	2.8	0.69524
0.54	3	0.0420483
0.54	3.2	8.05008e-06
0.54	3.4	4.95861e-18
0.54	3.6	1.89127e-60
0.54	3.8	2.4485e-205
0.54	4	0
0.54	4.2	0
0.54	4.4	0
0.54	4.6	0
0.54	4.8	0
0.54	5	0
0.54	5.2	0
0.54	5.4	0
0.54	5.6	0
0.54	5.8	0
0.54	6	0
0.54	6.2	0
0.54	6.4	0
0.54	6.6	0
0.54	6.8	0
0.54	7	0
0.54	7.2	0
0.54	7.4	0
0.54	7.6	0
0.54	7.8	0
0.54	8	0
0.54	8.2	0
0.54	8.4	0
0.54	8.6	0
0.54	8.8	0
0.54	9	0
0.54	9.2	0
0.54	9.4	0
0.54	9.6	0
0.54	9.8	0
0.54	10	0
0.56	0	7.48331
0.56	0.2	7.21185
0.56	0.4	6.92993
0.56	0.6	6.63627
0.56	0.8	6.32927
0.56	1	6.00697
0.56	1.2	5.66685
0.56	1.4	5.30564
0.56	1.6	4.91894
0.56	1.8	4.50057
0.56	2	4.04148
0.56	2.2	3.5274
0.56	2.4	2.93378
0.56	2.6	2.21277
0.56	2.8	1.26027
0.56	3	0.250876
0.56	3.2	0.001963
0.56	3.4	4.67508e-10
0.56	3.6	1.23627e-32
0.56	3.8	7.53473e-111
0.56	4	0
0.56	4.2	0
0.56	4.4	0
0.56	4.6	0
0.56	4.8	0
0.56	5	0
0.56	5.2	0
0.56	5.4	0
0.56	5.6	0
0.56	5.8	0
0.56	6	0
0.56	6.2	0
0.56	6.4	0
0.56	6.6	0
0.56	6.8	0
0.56	7	0
0.56	7.2	0
0.56	7.4	0
0.56	7.6	0
0.56	7.8	0
0.56	8	0
0.56	8.2	0
0.56	8.4	0
0.56	8.6	0
0.56	8.8	0
0.56	9	0
0.56	9.2	0
0.56	9.4	0
0.56	9.6	0
0.56	9.8	0
0.56	10	0
0.58	0	7.61577
0.58	0.2	7.34917
0.58	0.4	7.07269
0.58	0.6	6.78515
0.58	0.8	6.48512
0.58	1	6.17083
0.58	1.2	5.84009
0.58	1.4	5.49002
0.58	1.6	5.11686
0.58	1.8	4.71543
0.58	2	4.27832
0.58	2.2	3.79429
0.58	2.4	3.24494
0.58	2.6	2.59672
0.58	2.8	1.77926
0.58	3	0.704836
0.58	3.2	0.0438128
0.58	3.4	9.15559e-06
0.58	3.6	7.71231e-18
0.58	3.8	8.91841e-60
0.58	4	4.68189e-203
0.58	4.2	0
0.58	4.4	0
0.58	4.6	0
0.58	4.8	0
0.58	5	0
0.58	5.2	0
0.58	5.4	0
0.58	5.6	0
0.58	5.8	0
0.58	6	0
0.58	6.2	0
0.58	6.4	0
0.58	6.6	0
0.58	6.8	0
0.58	7	0
0.58	7.2	0
0.58	7.4	0
0.58	7.6	0
0.58	7.8	0
0.58	8	0
0.58	8.2	0
0.58	8.4	0
0.58	8.6	0
0.58	8.8	0
0.58	9	0
0.58	9.2	0
0.58	9.4	0
0.58	9.6	0
0.58	9.8	0
0.58	10	0
0.6	0	7.74597
0.6	0.2	7.48398
0.6	0.4	7.21263
0.6	0.6	6.93084
0.6	0.8	6.63733
0.6	1	6.3305
0.6	1.2	6.00839
0.6	1.4	5.6685
0.6	1.6	5.30757
0.6	1.8	4.92119
0.6	2	4.50324
0.6	2.2	4.04467
0.6	2.4	3.53129
0.6	2.6	2.93871
0.6	2.8	2.21936
0.6	3	1.26968
0.6	3.2	0.256663
0.6	3.4	0.00210341
0.6	3.6	5.85766e-10
0.6	3.8	2.73268e-32
0.6	4	1.17566e-109
0.6	4.2	0
0.6	4.4	0
0.6	4.6	0
0.6	4.8	0
0.6	5	0
0.6	5.2	0
0.6	5.4	0
0.6	5.6	0
0.6	5.8	0
0.6	6	0
0.6	6.2	0
0.6	6.4	0
0.6	6.6	0
0.6	6.8	0
0.6	7	0
0.6	7.2	0
0.6	7.4	0
0.6	7.6	0
0.6	7.8	0
0.6	8	0
0.6	8.2	0
0.6	8.4	0
0.6	8.6	0
0.6	8.8	0
0.6	9	0
0.6	9.2	0
0.6	9.4	0
0.6	9.6	0
0.6	9.8	0
0.6	10	0
0.62	0	7.87401
0.62	0.2	7.61641
0.62	0.4	7.34991
0.62	0.6	7.07355
0.62	0.8	6.78614
0.62	1	6.48626
0.62	1.2	6.17215
0.62	1.4	5.84161
0.62	1.6	5.49178
0.62	1.8	5.11891
0.62	2	4.71783
0.62	2.2	4.28116
0.62	2.4	3.79771
0.62	2.6	3.24917
0.62	2.8	2.60219
0.62	3	1.78689
0.62	3.2	0.713817
0.62	3.4	0.0455084
0.62	3.6	1.03101e-05
0.62	3.8	1.15872e-17
0.62	4	3.72136e-59
0.62	4.2	5.91137e-201
0.62	4.4	0
0.62	4.6	0
0.62	4.8	0
0.62	5	0
0.62	5.2	0
0.62	5.4	0
0.62	5.6	0
0.62	5.8	0
0.62	6	0
0.62	6.2	0
0.62	6.4	0
0.62	6.6	0
0.62	6.8	0
0.62	7	0
0.62	7.2	0
0.62	7.4	0
0.62	7.6	0
0.62	7.8	0
0.62	8	0
0.62	8.2	0
0.62	8.4	0
0.62	8.6	0
0.62	8.8	0
0.62	9	0
0.62	9.2	0
0.62	9.4	0
0.62	9.6	0
0.62	9.8	0
0.62	10	0
0.64	0	8
0.64	0.2	7.74657
0.64	0.4	7.48468
0.64	0.6	7.21344
0.64	0.8	6.93177
0.64	1	6.63839
0.64	1.2	6.33172
0.64	1.4	6.00979
0.64	1.6	5.67012
0.64	1.8	5.30944
0.64	2	4.92337
0.64	2.2	4.50579
0.64	2.4	4.0477
0.64	2.6	3.53498
0.64	2.8	2.94335
0.64	3	2.22553
0.64	3.2	1.27847
0.64	3.4	0.262144
0.64	3.6	0.00224241
0.64	3.8	7.21612e-10
0.64	4	5.68637e-32
0.64	4.2	1.48661e-108
0.64	4.4	0
0.64	4.6	0
0.64	4.8	0
0.64	5	0
0.64	5.2	0
0.64	5.4	0
0.64	5.6	0
0.64	5.8	0
0.64	6	0
0.64	6.2	0
0.64	6.4	0
0.64	6.6	0
0.64	6.8	0
0.64	7	0
0.64	7.2	0
0.64	7.4	0
0.64	7.6	0
0.64	7.8	0
0.64	8	0
0.64	8.2	0
0.64	8.4	0
0.64	8.6	0
0.64	8.8	0
0.64	9	0
0.64	9.2	0
0.64	9.4	0
0.64	9.6	0
0.64	9.8	0
0.64	10	0
0.66	0	8.12404
0.66	0.2	7.87458
0.66	0.4	7.61707
0.66	0.6	7.35067
0.66	0.8	7.07442
0.66	1	6.78713
0.66	1.2	6.4874
0.66	1.4	6.17345
0.66	1.6	5.8431
0.66	1.8	5.49349
0.66	2	5.12089
0.66	2.2	4.72013
0.66	2.4	4.28387
0.66	2.6	3.80097
0.66	2.8	3.25317
0.66	3	2.60734
0.66	3.2	1.79403
0.66	3.4	0.722261
0.66	3.6	0.0471415
0.66	3.8	1.15111e-05
0.66	4	1.68974e-17
0.66	4.2	1.39766e-58
0.66	4.4	5.22317e-199
0.66	4.6	0
0.66	4.8	0
0.66	5	0
0.66	5.2	0
0.66	5.4	0
0.66	5.6	0
0.66	5.8	0
0.66	6	0
0.66	6.2	0
0.66	6.4	0
0.66	6.6	0
0.66	6.8	0
0.66	7	0
0.66	7.2	0
0.66	7.4	0
0.66	7.6	0
0.66	7.8	0
0.66	8	0
0.66	8.2	0
0.66	8.4	0
0.66	8.6	0
0.66	8.8	0
0.66	9	0
0.66	9.2	0
0.66	9.4	0
0.66	9.6	0
0.66	9.8	0
0.66	10	0
0.68	0	8.24621
0.68	0.2	8.00054
0.68	0.4	7.74719
0.68	0.6	7.4854
0.68	0.8	7.21426
0.68	1	6.9327
0.68	1.2	6.63945
0.68	1.4	6.33293
0.68	1.6	6.01118
0.68	1.8	5.6717
0.68	2	5.31125
0.68	2.2	4.92546
0.68	2.4	4.50824
0.68	2.6	4.0506
0.68	2.8	3.53848
0.68	3	2.94772
0.68	3.2	2.23134
0.68	3.4	1.28672
0.68	3.6	0.267353
0.68	3.8	0.00238003
0.68	4	8.76007e-10
0.68	4.2	1.12302e-31
0.68	4.4	1.56741e-107
0.68	4.6	0
0.68	4.8	0
0.68	5	0
0.68	5.2	0
0.68	5.4	0
0.68	5.6	0
0.68	5.8	0
0.68	6	0
0.68	6.2	0
0.68	6.4	0
0.68	6.6	0
0.68	6.8	0
0.68	7	0
0.68	7.2	0
0.68	7.4	0
0.68	7.6	0
0.68	7.8	0
0.68	8	0
0.68	8.2	0
0.68	8.4	0
0.68	8.6	0
0.68	8.8	0
0.68	9	0
0.68	9.2	0
0.68	9.4	0
0.68	9.6	0
0.68	9.8	0
0.68	10	0
0.7	0	8.3666
0.7	0.2	8.12456
0.7	0.4	7.87517
0.7	0.6	7.61775
0.7	0.8	7.35144
0.7	1	7.0753
0.7	1.2	6.78813
0.7	1.4	6.48853
0.7	1.6	6.17474
0.7	1.8	5.84456
0.7	2	5.49516
0.7	2.2	5.1228
0.7	2.4	4.72235
0.7	2.6	4.28647
0.7	2.8	3.80406
0.7	3	3.25696
0.7	3.2	2.61219
0.7	3.4	1.80074
0.7	3.6	0.730228
0.7	3.8	0.0487178
0.7	4	1.27564e-05
0.7	4.2	2.40099e-17
0.7	4.4	4.79029e-58
0.7	4.6	3.38439e-197
0.7	4.8	0
0.7	5	0
0.7	5.2	0
0.7	5.4	0
0.7	5.6	0
0.7	5.8	0
0.7	6	0
0.7	6.2	0
0.7	6.4	0
0.7	6.6	0
0.7	6.8	0
0.7	7	0
0.7	7.2	0
0.7	7.4	0
0.7	7.6	0
0.7	7.8	0
0.7	8	0
0.7	8.2	0
0.7	8.4	0
0.7	8.6	0
0.7	8.8	0
0.7	9	0
0.7	9.2	0
0.7	9.4	0
0.7	9.6	0
0.7	9.8	0
0.7	10	0
0.72	0	8.48528
0.72	0.2	8.24671
0.72	0.4	8.00111
0.72	0.6	7.74784
0.72	0.8	7.48613
0.72	1	7.21508
0.72	1.2	6.93364
0.72	1.4	6.64051
0.72	1.6	6.33412
0.72	1.8	6.01253
0.72	2	5.67324
0.72	2.2	5.31301
0.72	2.4	4.92748
0.72	2.6	4.51058
0.72	2.8	4.05337
0.72	3	3.54181
0.72	3.2	2.95187
0.72	3.4	2.23681
0.72	3.6	1.29448
0.72	3.8	0.272319
0.72	4	0.00251633
0.72	4.2	1.04987e-09
0.72	4.4	2.11893e-31
0.72	4.6	1.41019e-106
0.72	4.8	0
0.72	5	0
0.72	5.2	0
0.72	5.4	0
0.72	5.6	0
0.72	5.8	0
0.72	6	0
0.72	6.2	0
0.72	6.4	0
0.72	6.6	0
0.72	6.8	0
0.72	7	0
0.72	7.2	0
0.72	7.4	0
0.72	7.6	0
0.72	7.8	0
0.72	8	0
0.72	8.2	0
0.72	8.4	0
0.72	8.6	0
0.72	8.8	0
0.72	9	0
0.72	9.2	0
0.72	9.4	0
0.72	9.6	0
0.72	9.8	0
0.72	10	0
0.74	0	8.60233
0.74	0.2	8.36708
0.74	0.4	8.1251
0.74	0.6	7.87579
0.74	0.8	7.61844
0.74	1	7.35223
0.74	1.2	7.07617
0.74	1.4	6.78912
0.74	1.6	6.48964
0.74	1.8	6.176
0.74	2	5.84598
0.74	2.2	5.49678
0.74	2.4	5.12465
0.74	2.6	4.72449
0.74	2.8	4.28896
0.74	3	3.80702
0.74	3.2	3.26057
0.74	3.4	2.61678
0.74	3.6	1.80707
0.74	3.8	0.737771
0.74	4	0.0502421
0.74	4.2	1.40439e-05
0.74	4.4	3.33479e-17
0.74	4.6	1.51517e-57
0.74	4.8	1.67081e-195
0.74	5	0
0.74	5.2	0
0.74	5.4	0
0.74	5.6	0
0.74	5.8	0
0.74	6	0
0.74	6.2	0
0.74	6.4	0
0.74	6.6	0
0.74	6.8	0
0.74	7	0
0.74	7.2	0
0.74	7.4	0
0.74	7.6	0
0.74	7.8	0
0.74	8	0
0.74	8.2	0
0.74	8.4	0
0.74	8.6	0
0.74	8.8	0
0.74	9	0
0.74	9.2	0
0.74	9.4	0
0.74	9.6	0
0.74	9.8	0
0.74	10	0
0.76	0	8.7178
0.76	0.2	8.48574
0.76	0.4	8.24722
0.76	0.6	8.00169
0.76	0.8	7.7485
0.76	1	7.48687
0.76	1.2	7.21591
0.76	1.4	6.93457
0.76	1.6	6.64155
0.76	1.8	6.3353
0.76	2	6.01385
0.76	2.2	5.67474
0.76	2.4	5.31471
0.76	2.6	4.92944
0.76	2.8	4.51284
0.76	3	4.05601
0.76	3.2	3.54498
0.76	3.4	2.95581
0.76	3.6	2.24199
0.76	3.8	1.30181
0.76	4	0.277065
0.76	4.2	0.00265133
0.76	4.4	1.24407e-09
0.76	4.6	3.84048e-31
0.76	4.8	1.1034e-105
0.76	5	0
0.76	5.2	0
0.76	5.4	0
0.76	5.6	0
0.76	5.8	0
0.76	6	0
0.76	6.2	0
0.76	6.4	0
0.76	6.6	0
0.76	6.8	0
0.76	7	0
0.76	7.2	0
0.76	7.4	0
0.76	7.6	0
0.76	7.8	0
0.76	8	0
0.76	8.2	0
0.76	8.4	0
0.76	8.6	0
0.76	8.8	0
0.76	9	0
0.76	9.2	0
0.76	9.4	0
0.76	9.6	0
0.76	9.8	0
0.76	10	0
0.78	0	8.83176
0.78	0.2	8.60276
0.78	0.4	8.36757
0.78	0.6	8.12565
0.78	0.8	7.87641
0.78	1	7.61914
0.78	1.2	7.35301
0.78	1.4	7.07705
0.78	1.6	6.7901
0.78	1.8	6.49074
0.78	2	6.17723
0.78	2.2	5.84738
0.78	2.4	5.49836
0.78	2.6	5.12645
0.78	2.8	4.72654
0.78	3	4.29135
0.78	3.2	3.80984
0.78	3.4	3.264
0.78	3.6	2.62114
0.78	3.8	1.81305
0.78	4	0.744933
0.78	4.2	0.0517184
0.78	4.4	1.53716e-05
0.78	4.6	4.53935e-17
0.78	4.8	4.46424e-57
0.78	5	6.48655e-194
0.78	5.2	0
0.78	5.4	0
0.78	5.6	0
0.78	5.8	0
0.78	6	0
0.78	6.2	0
0.78	6.4	0
0.78	6.6	0
0.78	6.8	0
0.78	7	0
0.78	7.2	0
0.78	7.4	0
0.78	7.6	0
0.78	7.8	0
0.78	8	0
0.78	8.2	0
0.78	8.4	0
0.78	8.6	0
0.78	8.8	0
0.78	9	0
0.78	9.2	0
0.78	9.4	0
0.78	9.6	0
0.78	9.8	0
0.78	10	0
0.8	0	8.94427
0.8	0.2	8.71822
0.8	0.4	8.48621
0.8	0.6	8.24775
0.8	0.8	8.00229
0.8	1	7.74916
0.8	1.2	7.48761
0.8	1.4	7.21674
0.8	1.6	6.93549
0.8	1.8	6.64259
0.8	2	6.33646
0.8	2.2	6.01515
0.8	2.4	5.6762
0.8	2.6	5.31636
0.8	2.8	4.93132
0.8	3	4.51501
0.8	3.2	4.05855
0.8	3.4	3.54802
0.8	3.6	2.95956
0.8	3.8	2.2469
0.8	4	1.30875
0.8	4.2	0.281611
0.8	4.4	0.00278508
0.8	4.6	1.45944e-09
0.8	4.8	6.71684e-31
0.8	5	7.62817e-105
0.8	5.2	0
0.8	5.4	0
0.8	5.6	0
0.8	5.8	0
0.8	6	0
0.8	6.2	0
0.8	6.4	0
0.8	6.6	0
0.8	6.8	0
0.8	7	0
0.8	7.2	0
0.8	7.4	0
0.8	7.6	0
0.8	7.8	0
0.8	8	0
0.8	8.2	0
0.8	8.4	0
0.8	8.6	0
0.8	8.8	0
0.8	9	0
0.8	9.2	0
0.8	9.4	0
0.8	9.6	0
0.8	9.8	0
0.8	10	0
0.82	0	9.05539
0.82	0.2	8.83216
0.82	0.4	8.60321
0.82	0.6	8.36808
0.82	0.8	8.12622
0.82	1	7.87704
0.82	1.2	7.61984
0.82	1.4	7.35379
0.82	1.6	7.07792
0.82	1.8	6.79107
0.82	2	6.49182
0.82	2.2	6.17844
0.82	2.4	5.84873
0.82	2.6	5.49989
0.82	2.8	5.12818
0.82	3	4.72853
0.82	3.2	4.29365
0.82	3.4	3.81255
0.82	3.6	3.26727
0.82	3.8	2.62529
0.82	4	1.81873
0.82	4.2	0.751751
0.82	4.4	0.0531505
0.82	4.6	1.67379e-05
0.82	4.8	6.06908e-17
0.82	5	1.23482e-56
0.82	5.2	2.03345e-192
0.82	5.4	0
0.82	5.6	0
0.82	5.8	0
0.82	6	0
0.82	6.2	0
0.82	6.4	0
0.82	6.6	0
0.82	6.8	0
0.82	7	0
0.82	7.2	0
0.82	7.4	0
0.82	7.6	0
0.82	7.8	0
0.82	8	0
0.82	8.2	0
0.82	8.4	0
0.82	8.6	0
0.82	8.8	0
0.82	9	0
0.82	9.2	0
0.82	9.4	0
0.82	9.6	0
0.82	9.8	0
0.82	10	0
0.84	0	9.16515
0.84	0.2	8.94466
0.84	0.4	8.71865
0.84	0.6	8.48669
0.84	0.8	8.2483
0.84	1	8.00289
0.84	1.2	7.74983
0.84	1.4	7.48835
0.84	1.6	7.21756
0.84	1.8	6.93641
0.84	2	6.6436
0.84	2.2	6.33759
0.84	2.4	6.01642
0.84	2.6	5.67762
0.84	2.8	5.31797
0.84	3	4.93314
0.84	3.2	4.5171
0.84	3.4	4.06098
0.84	3.6	3.55092
0.84	3.8	2.96313
0.84	4	2.25158
0.84	4.2	1.31535
0.84	4.4	0.285975
0.84	4.6	0.0029176
0.84	4.8	1.69677e-09
0.84	5	1.13792e-30
0.84	5.2	4.72191e-104
0.84	5.4	0
0.84	5.6	0
0.84	5.8	0
0.84	6	0
0.84	6.2	0
0.84	6.4	0
0.84	6.6	0
0.84	6.8	0
0.84	7	0
0.84	7.2	0
0.84	7.4	0
0.84	7.6	0
0.84	7.8	0
0.84	8	0
0.84	8.2	0
0.84	8.4	0
0.84	8.6	0
0.84	8.8	0
0.84	9	0
0.84	9.2	0
0.84	9.4	0
0.84	9.6	0
0.84	9.8	0
0.84	10	0
0.86	0	9.27362
0.86	0.2	9.05576
0.86	0.4	8.83258
0.86	0.6	8.60368
0.86	0.8	8.36859
0.86	1	8.1268
0.86	1.2	7.87768
0.86	1.4	7.62055
0.86	1.6	7.35457
0.86	1.8	7.07879
0.86	2	6.79203
0.86	2.2	6.49289
0.86	2.4	6.17963
0.86	2.6	5.85006
0.86	2.8	5.50137
0.86	3	5.12986
0.86	3.2	4.73044
0.86	3.4	4.29586
0.86	3.6	3.81514
0.86	3.8	3.27041
0.86	4	2.62925
0.86	4.2	1.82413
0.86	4.4	0.758258
0.86	4.6	0.0545415
0.86	4.8	1.8141e-05
0.86	5	7.98482e-17
0.86	5.2	3.2277e-56
0.86	5.4	5.26381e-191
0.86	5.6	0
0.86	5.8	0
0.86	6	0
0.86	6.2	0
0.86	6.4	0
0.86	6.6	0
0.86	6.8	0
0.86	7	0
0.86	7.2	0
0.86	7.4	0
0.86	7.6	0
0.86	7.8	0
0.86	8	0
0.86	8.2	0
0.86	8.4	0
0.86	8.6	0
0.86	8.8	0
0.86	9	0
0.86	9.2	0
0.86	9.4	0
0.86	9.6	0
0.86	9.8	0
0.86	10	0
0.88	0	9.38083
0.88	0.2	9.16551
0.88	0.4	8.94506
0.88	0.6	8.7191
0.88	0.8	8.48719
0.88	1	8.24884
0.88	1.2	8.0035
0.88	1.4	7.7505
0.88	1.6	7.48909
0.88	1.8	7.21838
0.88	2	6.93731
0.88	2.2	6.6446
0.88	2.4	6.3387
0.88	2.6	6.01765
0.88	2.8	5.679
0.88	3	5.31952
0.88	3.2	4.9349
0.88	3.4	4.51912
0.88	3.6	4.06333
0.88	3.8	3.5537
0.88	4	2.96655
0.88	4.2	2.25603
0.88	4.4	1.32163
0.88	4.6	0.290171
0.88	4.8	0.00304894
0.88	5	1.9568e-09
0.88	5.2	1.87343e-30
0.88	5.4	2.64685e-103
0.88	5.6	0
0.88	5.8	0
0.88	6	0
0.88	6.2	0
0.88	6.4	0
0.88	6.6	0
0.88	6.8	0
0.88	7	0
0.88	7.2	0
0.88	7.4	0
0.88	7.6	0
0.88	7.8	0
0.88	8	0
0.88	8.2	0
0.88	8.4	0
0.88	8.6	0
0.88	8.8	0
0.88	9	0
0.88	9.2	0
0.88	9.4	0
0.88	9.6	0
0.88	9.8	0
0.88	10	0
0.9	0	9.48683
0.9	0.2	9.27397
0.9	0.4	9.05615
0.9	0.6	8.83301
0.9	0.8	8.60415
0.9	1	8.36912
0.9	1.2	8.12737
0.9	1.4	7.87832
0.9	1.6	7.62125
0.9	1.8	7.35535
0.9	2	7.07964
0.9	2.2	6.79297
0.9	2.4	6.49393
0.9	2.6	6.18078
0.9	2.8	5.85135
0.9	3	5.50282
0.9	3.2	5.13149
0.9	3.4	4.73229
0.9	3.6	4.29798
0.9	3.8	3.81764
0.9	4	3.27341
0.9	4.2	2.63303
0.9	4.4	1.82928
0.9	4.6	0.76448
0.9	4.8	0.0558943
0.9	5	1.95793e-05
0.9	5.2	1.03541e-16
0.9	5.4	8.01788e-56
0.9	5.6	1.14683e-189
0.9	5.8	0
0.9	6	0
0.9	6.2	0
0.9	6.4	0
0.9	6.6	0
0.9	6.8	0
0.9	7	0
0.9	7.2	0
0.9	7.4	0
0.9	7.6	0
0.9	7.8	0
0.9	8	0
0.9	8.2	0
0.9	8.4	0
0.9	8.6	0
0.9	8.8	0
0.9	9	0
0.9	9.2	0
0.9	9.4	0
0.9	9.6	0
0.9	9.8	0
0.9	10	0
0.92	0	9.59166
0.92	0.2	9.38117
0.92	0.4	9.16588
0.92	0.6	8.94547
0.92	0.8	8.71955
0.92	1	8.48769
0.92	1.2	8.2494
0.92	1.4	8.0041
0.92	1.6	7.75117
0.92	1.8	7.48982
0.92	2	7.21919
0.92	2.2	6.9382
0.92	2.4	6.64559
0.92	2.6	6.33979
0.92	2.8	6.01886
0.92	3	5.68034
0.92	3.2	5.32103
0.92	3.4	4.93661
0.92	3.6	4.52106
0.92	3.8	4.06558
0.92	4	3.55637
0.92	4.2	2.96982
0.92	4.4	2.26029
0.92	4.6	1.32763
0.92	4.8	0.294214
0.92	5	0.00317911
0.92	5.2	2.24027e-09
0.92	5.4	3.00569e-30
0.92	5.6	1.35661e-102
0.92	5.8	0
0.92	6	0
0.92	6.2	0
0.92	6.4	0
0.92	6.6	0
0.92	6.8	0
0.92	7	0
0.92	7.2	0
0.92	7.4	0
0.92	7.6	0
0.92	7.8	0
0.92	8	0
0.92	8.2	0
0.92	8.4	0
0.92	8.6	0
0.92	8.8	0
0.92	9	0
0.92	9.2	0
0.92	9.4	0
0.92	9.6	0
0.92	9.8	0
0.92	10	0
0.94	0	9.69536
0.94	0.2	9.48716
0.94	0.4	9.27433
0.94	0.6	9.05654
0.94	0.8	8.83345
0.94	1	8.60464
0.94	1.2	8.36965
0.94	1.4	8.12795
0.94	1.6	7.87895
0.94	1.8	7.62195
0.94	2	7.35611
0.94	2.2	7.08048
0.94	2.4	6.7939
0.94	2.6	6.49496
0.94	2.8	6.18192
0.94	3	5.8526
0.94	3.2	5.50422
0.94	3.4	5.13306
0.94	3.6	4.73408
0.94	3.8	4.30004
0.94	4	3.82003
0.94	4.2	3.27629
0.94	4.4	2.63665
0.94	4.6	1.8342
0.94	4.8	0.770443
0.94	5	0.0572113
0.94	5.2	2.10514e-05
0.94	5.4	1.32514e-16
0.94	5.6	1.90196e-55
0.94	5.8	2.1377e-188
0.94	6	0
0.94	6.2	0
0.94	6.4	0
0.94	6.6	0
0.94	6.8	0
0.94	7	0
0.94	7.2	0
0.94	7.4	0
0.94	7.6	0
0.94	7.8	0
0.94	8	0
0.94	8.2	0
0.94	8.4	0
0.94	8.6	0
0.94	8.8	0
0.94	9	0
0.94	9.2	0
0.94	9.4	0
0.94	9.6	0
0.94	9.8	0
0.94	10	0
0.96	0	9.79796
0.96	0.2	9.59198
0.96	0.4	9.38151
0.96	0.6	9.16627
0.96	0.8	8.94589
0.96	1	8.72001
0.96	1.2	8.4882
0.96	1.4	8.24995
0.96	1.6	8.00471
0.96	1.8	7.75183
0.96	2	7.49055
0.96	2.2	7.21999
0.96	2.4	6.93908
0.96	2.6	6.64655
0.96	2.8	6.34085
0.96	3	6.02004
0.96	3.2	5.68165
0.96	3.4	5.32249
0.96	3.6	4.93826
0.96	3.8	4.52294
0.96	4	4.06775
0.96	4.2	3.55893
0.96	4.4	2.97297
0.96	4.6	2.26437
0.96	4.8	1.33336
0.96	5	0.298115
0.96	5.2	0.00330816
0.96	5.4	2.54783e-09
0.96	5.6	4.7106e-30
0.96	5.8	6.41085e-102
0.96	6	0
0.96	6.2	0
0.96	6.4	0
0.96	6.6	0
0.96	6.8	0
0.96	7	0
0.96	7.2	0
0.96	7.4	0
0.96	7.6	0
0.96	7.8	0
0.96	8	0
0.96	8.2	0
0.96	8.4	0
0.96	8.6	0
0.96	8.8	0
0.96	9	0
0.96	9.2	0
0.96	9.4	0
0.96	9.6	0
0.96	9.8	0
0.96	10	0
0.98	0	9.89949
0.98	0.2	9.69566
0.98	0.4	9.48749
0.98	0.6	9.27469
0.98	0.8	9.05695
0.98	1	8.83389
0.98	1.2	8.60512
0.98	1.4	8.37018
0.98	1.6	8.12853
0.98	1.8	7.87959
0.98	2	7.62264
0.98	2.2	7.35687
0.98	2.4	7.08131
0.98	2.6	6.79481
0.98	2.8	6.49596
0.98	3	6.18302
0.98	3.2	5.85383
0.98	3.4	5.50558
0.98	3.6	5.13459
0.98	3.8	4.73581
0.98	4	4.30202
0.98	4.2	3.82235
0.98	4.4	3.27906
0.98	4.6	2.64013
0.98	4.8	1.83891
0.98	5	0.776166
0.98	5.2	0.0584948
0.98	5.4	2.2556e-05
0.98	5.6	1.67581e-16
0.98	5.8	4.32653e-55
0.98	6	3.45786e-187
0.98	6.2	0
0.98	6.4	0
0.98	6.6	0
0.98	6.8	0
0.98	7	0
0.98	7.2	0
0.98	7.4	0
0.98	7.6	0
0.98	7.8	0
0.98	8	0
0.98	8.2	0
0.98	8.4	0
0.98	8.6	0
0.98	8.8	0
0.98	9	0
0.98	9.2	0
0.98	9.4	0
0.98	9.6	0
0.98	9.8	0
0.98	10	0
1	0	10
1	0.2	9.79825
1	0.4	9.5923
1	0.6	9.38187
1	0.8	9.16666
1	1	8.94632
1	1.2	8.72048
1	1.4	8.4887
1	1.6	8.2505
1	1.8	8.00532
1	2	7.75249
1	2.2	7.49127
1	2.4	7.22078
1	2.6	6.93994
1	2.8	6.6475
1	3	6.34189
1	3.2	6.02119
1	3.4	5.68293
1	3.6	5.32392
1	3.8	4.93985
1	4	4.52476
1	4.2	4.06985
1	4.4	3.56141
1	4.6	2.97599
1	4.8	2.26828
1	5	1.33886
1	5.2	0.301884
1	5.4	0.0034361
1	5.6	2.88016e-09
1	5.8	7.22664e-30
1	6	2.81357e-101
1	6.2	0
1	6.4	0
1	6.6	0
1	6.8	0
1	7	0
1	7.2	0
1	7.4	0
1	7.6	0
1	7.8	0
1	8	0
1	8.2	0
1	8.4	0
1	8.6	0
1	8.8	0
1	9	0
1	9.2	0
1	9.4	0
1	9.6	0
1	9.8	0
1	10	0
1.02	0	10.0995
1.02	0.2	9.89978
1.02	0.4	9.69598
1.02	0.6	9.48784
1.02	0.8	9.27507
1.02	1	9.05736
1.02	1.2	8.83434
1.02	1.4	8.60561
1.02	1.6	8.37071
1.02	1.8	8.12911
1.02	2	7.88022
1.02	2.2	7.62333
1.02	2.4	7.35762
1.02	2.6	7.08213
1.02	2.8	6.79571
1.02	3	6.49694
1.02	3.2	6.1841
1.02	3.4	5.85503
1.02	3.6	5.50691
1.02	3.8	5.13608
1.02	4	4.73748
1.02	4.2	4.30393
1.02	4.4	3.82457
1.02	4.6	3.28173
1.02	4.8	2.64346
1.02	5	1.84343
1.02	5.2	0.781668
1.02	5.4	0.0597468
1.02	5.6	2.40918e-05
1.02	5.8	2.0963e-16
1.02	6	9.47238e-55
1.02	6.2	4.91422e-186
1.02	6.4	0
1.02	6.6	0
1.02	6.8	0
1.02	7	0
1.02	7.2	0
1.02	7.4	0
1.02	7.6	0
1.02	7.8	0
1.02	8	0
1.02	8.2	0
1.02	8.4	0
1.02	8.6	0
1.02	8.8	0
1.02	9	0
1.02	9.2	0
1.02	9.4	0
1.02	9.6	0
1.02	9.8	0
1.02	10	0
1.04	0	10.198
1.04	0.2	10.0003
1.04	0.4	9.79856
1.04	0.6	9.59263
1.04	0.8	9.38223
1.04	1	9.16705
1.04	1.2	8.94675
1.04	1.4	8.72095
1.04	1.6	8.48921
1.04	1.8	8.25106
1.04	2	8.00592
1.04	2.2	7.75315
1.04	2.4	7.49199
1.04	2.6	7.22155
1.04	2.8	6.94079
1.04	3	6.64843
1.04	3.2	6.34291
1.04	3.4	6.02231
1.04	3.6	5.68417
1.04	3.8	5.3253
1.04	4	4.94141
1.04	4.2	4.52652
1.04	4.4	4.07187
1.04	4.6	3.56379
1.04	4.8	2.97889
1.04	5	2.27204
1.04	5.2	1.34413
1.04	5.4	0.305531
1.04	5.6	0.00356298
1.04	5.8	3.23785e-09
1.04	6	1.08722e-29
1.04	6.2	1.15407e-100
1.04	6.4	0
1.04	6.6	0
1.04	6.8	0
1.04	7	0
1.04	7.2	0
1.04	7.4	0
1.04	7.6	0
1.04	7.8	0
1.04	8	0
1.04	8.2	0
1.04	8.4	0
1.04	8.6	0
1.04	8.8	0
1.04	9	0
1.04	9.2	0
1.04	9.4	0
1.04	9.6	0
1.04	9.8	0
1.04	10	0
1.06	0	10.2956
1.06	0.2	10.0998
1.06	0.4	9.90007
1.06	0.6	9.6963
1.06	0.8	9.48819
1.06	1	9.27545
1.06	1.2	9.05777
1.06	1.4	8.83479
1.06	1.6	8.6061
1.06	1.8	8.37124
1.06	2	8.12969
1.06	2.2	7.88084
1.06	2.4	7.624
1.06	2.6	7.35836
1.06	2.8	7.08294
1.06	3	6.79659
1.06	3.2	6.4979
1.06	3.4	6.18516
1.06	3.6	5.85619
1.06	3.8	5.5082
1.06	4	5.13752
1.06	4.2	4.73911
1.06	4.4	4.30579
1.06	4.6	3.82673
1.06	4.8	3.2843
1.06	5	2.64667
1.06	5.2	1.84777
1.06	5.4	0.786967
1.06	5.6	0.0609691
1.06	5.8	2.56575e-05
1.06	6	2.59623e-16
1.06	6.2	2.00239e-54
1.06	6.4	6.20288e-185
1.06	6.6	0
1.06	6.8	0
1.06	7	0
1.06	7.2	0
1.06	7.4	0
1.06	7.6	0
1.06	7.8	0
1.06	8	0
1.06	8.2	0
1.06	8.4	0
1.06	8.6	0
1.06	8.8	0
1.06	9	0
1.06	9.2	0
1.06	9.4	0
1.06	9.6	0
1.06	9.8	0
1.06	10	0
1.08	0	10.3923
1.08	0.2	10.1983
1.08	0.4	10.0006
1.08	0.6	9.79887
1.08	0.8	9.59297
1.08	1	9.3826
1.08	1.2	9.16745
1.08	1.4	8.94718
1.08	1.6	8.72142
1.08	1.8	8.48972
1.08	2	8.25161
1.08	2.2	8.00651
1.08	2.4	7.75379
1.08	2.6	7.49269
1.08	2.8	7.22232
1.08	3	6.94163
1.08	3.2	6.64934
1.08	3.4	6.34391
1.08	3.6	6.02341
1.08	3.8	5.68538
1.08	4	5.32664
1.08	4.2	4.94291
1.08	4.4	4.52822
1.08	4.6	4.07383
1.08	4.8	3.56609
1.08	5	2.98169
1.08	5.2	2.27566
1.08	5.4	1.3492
1.08	5.6	0.309063
1.08	5.8	0.0036888
1.08	6	3.62151e-09
1.08	6.2	1.60663e-29
1.08	6.4	4.44891e-100
1.08	6.6	0
1.08	6.8	0
1.08	7	0
1.08	7.2	0
1.08	7.4	0
1.08	7.6	0
1.08	7.8	0
1.08	8	0
1.08	8.2	0
1.08	8.4	0
1.08	8.6	0
1.08	8.8	0
1.08	9	0
1.08	9.2	0
1.08	9.4	0
1.08	9.6	0
1.08	9.8	0
1.08	10	0
1.1	0	10.4881
1.1	0.2	10.2959
1.1	0.4	10.1
1.1	0.6	9.90037
1.1	0.8	9.69662
1.1	1	9.48854
1.1	1.2	9.27583
1.1	1.4	9.05819
1.1	1.6	8.83524
1.1	1.8	8.60658
1.1	2	8.37176
1.1	2.2	8.13026
1.1	2.4	7.88146
1.1	2.6	7.62468
1.1	2.8	7.35909
1.1	3	7.08373
1.1	3.2	6.79745
1.1	3.4	6.49885
1.1	3.6	6.1862
1.1	3.8	5.85733
1.1	4	5.50946
1.1	4.2	5.13892
1.1	4.4	4.74068
1.1	4.6	4.30758
1.1	4.8	3.82881
1.1	5	3.28678
1.1	5.2	2.64977
1.1	5.4	1.85194
1.1	5.6	0.792076
1.1	5.8	0.0621635
1.1	6	2.7252e-05
1.1	6.2	3.18596e-16
1.1	6.4	4.09861e-54
1.1	6.6	7.02059e-184
1.1	6.8	0
1.1	7	0
1.1	7.2	0
1.1	7.4	0
1.1	7.6	0
1.1	7.8	0
1.1	8	0
1.1	8.2	0
1.1	8.4	0
1.1	8.6	0
1.1	8.8	0
1.1	9	0
1.1	9.2	0
1.1	9.4	0
1.1	9.6	0
1.1	9.8	0
1.1	10	0
1.12	0	10.583
1.12	0.2	10.3926
1.12	0.4	10.1986
1.12	0.6	10.0009
1.12	0.8	9.79918
1.12	1	9.59331
1.12	1.2	9.38297
1.12	1.4	9.16785
1.12	1.6	8.94762
1.12	1.8	8.72189
1.12	2	8.49023
1.12	2.2	8.25216
1.12	2.4	8.00711
1.12	2.6	7.75443
1.12	2.8	7.49339
1.12	3	7.22307
1.12	3.2	6.94244
1.12	3.4	6.65023
1.12	3.6	6.34489
1.12	3.8	6.02448
1.12	4	5.68656
1.12	4.2	5.32795
1.12	4.4	4.94437
1.12	4.6	4.52987
1.12	4.8	4.07573
1.12	5	3.56832
1.12	5.2	2.9844
1.12	5.4	2.27914
1.12	5.6	1.35408
1.12	5.8	0.312489
1.12	6	0.0038136
1.12	6.2	4.03169e-09
1.12	6.4	2.33531e-29
1.12	6.6	1.61979e-99
1.12	6.8	0
1.12	7	0
1.12	7.2	0
1.12	7.4	0
1.12	7.6	0
1.12	7.8	0
1.12	8	0
1.12	8.2	0
1.12	8.4	0
1.12	8.6	0
1.12	8.8	0
1.12	9	0
1.12	9.2	0
1.12	9.4	0
1.12	9.6	0
1.12	9.8	0
1.12	10	0
1.14	0	10.6771
1.14	0.2	10.4883
1.14	0.4	10.2961
1.14	0.6	10.1003
1.14	0.8	9.90068
1.14	1	9.69696
1.14	1.2	9.4889
1.14	1.4	9.27622
1.14	1.6	9.0586
1.14	1.8	8.83569
1.14	2	8.60707
1.14	2.2	8.37229
1.14	2.4	8.13083
1.14	2.6	7.88207
1.14	2.8	7.62534
1.14	3	7.35981
1.14	3.2	7.08451
1.14	3.4	6.7983
1.14	3.6	6.49977
1.14	3.8	6.18721
1.14	4	5.85844
1.14	4.2	5.51069
1.14	4.4	5.14028
1.14	4.6	4.74221
1.14	4.8	4.30932
1.14	5	3.83082
1.14	5.2	3.28918
1.14	5.4	2.65276
1.14	5.6	1.85596
1.14	5.8	0.797009
1.14	6	0.0633313
1.14	6.2	2.88743e-05
1.14	6.4	3.87664e-16
1.14	6.6	8.14343e-54
1.14	6.8	7.18574e-183
1.14	7	0
1.14	7.2	0
1.14	7.4	0
1.14	7.6	0
1.14	7.8	0
1.14	8	0
1.14	8.2	0
1.14	8.4	0
1.14	8.6	0
1.14	8.8	0
1.14	9	0
1.14	9.2	0
1.14	9.4	0
1.14	9.6	0
1.14	9.8	0
1.14	10	0
1.16	0	10.7703
1.16	0.2	10.5832
1.16	0.4	10.3928
1.16	0.6	10.1988
1.16	0.8	10.0011
1.16	1	9.7995
1.16	1.2	9.59366
1.16	1.4	9.38334
1.16	1.6	9.16825
1.16	1.8	8.94805
1.16	2	8.72235
1.16	2.2	8.49073
1.16	2.4	8.2527
1.16	2.6	8.00769
1.16	2.8	7.75507
1.16	3	7.49407
1.16	3.2	7.22382
1.16	3.4	6.94325
1.16	3.6	6.65111
1.16	3.8	6.34584
1.16	4	6.02552
1.16	4.2	5.68771
1.16	4.4	5.32923
1.16	4.6	4.9458
1.16	4.8	4.53148
1.16	5	4.07757
1.16	5.2	3.57047
1.16	5.4	2.98701
1.16	5.6	2.2825
1.16	5.8	1.35878
1.16	6	0.315814
1.16	6.2	0.00393741
1.16	6.4	4.46893e-09
1.16	6.6	3.34311e-29
1.16	6.8	5.59423e-99
1.16	7	0
1.16	7.2	0
1.16	7.4	0
1.16	7.6	0
1.16	7.8	0
1.16	8	0
1.16	8.2	0
1.16	8.4	0
1.16	8.6	0
1.16	8.8	0
1.16	9	0
1.16	9.2	0
1.16	9.4	0
1.16	9.6	0
1.16	9.8	0
1.16	10	0
1.18	0	10.8628
1.18	0.2	10.6773
1.18	0.4	10.4886
1.18	0.6	10.2964
1.18	0.8	10.1006
1.18	1	9.90099
1.18	1.2	9.69729
1.18	1.4	9.48926
1.18	1.6	9.27661
1.18	1.8	9.05902
1.18	2	8.83614
1.18	2.2	8.60756
1.18	2.4	8.37281
1.18	2.6	8.13139
1.18	2.8	7.88268
1.18	3	7.62599
1.18	3.2	7.36051
1.18	3.4	7.08528
1.18	3.6	6.79913
1.18	3.8	6.50068
1.18	4	6.18819
1.18	4.2	5.85952
1.18	4.4	5.51188
1.18	4.6	5.14161
1.18	4.8	4.7437
1.18	5	4.31101
1.18	5.2	3.83277
1.18	5.4	3.2915
1.18	5.6	2.65564
1.18	5.8	1.85984
1.18	6	0.801777
1.18	6.2	0.0644741
1.18	6.4	3.05234e-05
1.18	6.6	4.68018e-16
1.18	6.8	1.57408e-53
1.18	7	6.70127e-182
1.18	7.2	0
1.18	7.4	0
1.18	7.6	0
1.18	7.8	0
1.18	8	0
1.18	8.2	0
1.18	8.4	0
1.18	8.6	0
1.18	8.8	0
1.18	9	0
1.18	9.2	0
1.18	9.4	0
1.18	9.6	0
1.18	9.8	0
1.18	10	0
1.2	0	10.9545
1.2	0.2	10.7706
1.2	0.4	10.5835
1.2	0.6	10.3931
1.2	0.8	10.1991
1.2	1	10.0015
1.2	1.2	9.79983
1.2	1.4	9.59401
1.2	1.6	9.38372
1.2	1.8	9.16866
1.2	2	8.94848
1.2	2.2	8.72282
1.2	2.4	8.49123
1.2	2.6	8.25324
1.2	2.8	8.00828
1.2	3	7.7557
1.2	3.2	7.49475
1.2	3.4	7.22455
1.2	3.6	6.94404
1.2	3.8	6.65197
1.2	4	6.34678
1.2	4.2	6.02655
1.2	4.4	5.68884
1.2	4.6	5.33047
1.2	4.8	4.94718
1.2	5	4.53304
1.2	5.2	4.07935
1.2	5.4	3.57256
1.2	5.6	2.98954
1.2	5.8	2.28575
1.2	6	1.36332
1.2	6.2	0.319046
1.2	6.4	0.00406024
1.2	6.6	4.93374e-09
1.2	6.8	4.71869e-29
1.2	7	1.83989e-98
1.2	7.2	0
1.2	7.4	0
1.2	7.6	0
1.2	7.8	0
1.2	8	0
1.2	8.2	0
1.2	8.4	0
1.2	8.6	0
1.2	8.8	0
1.2	9	0
1.2	9.2	0
1.2	9.4	0
1.2	9.6	0
1.2	9.8	0
1.2	10	0
1.22	0	11.0454
1.22	0.2	10.863
1.22	0.4	10.6775
1.22	0.6	10.4888
1.22	0.8	10.2967
1.22	1	10.1009
1.22	1.2	9.90131
1.22	1.4	9.69763
1.22	1.6	9.48962
1.22	1.8	9.277
1.22	2	9.05944
1.22	2.2	8.83659
1.22	2.4	8.60804
1.22	2.6	8.37333
1.22	2.8	8.13195
1.22	3	7.88328
1.22	3.2	7.62664
1.22	3.4	7.36121
1.22	3.6	7.08603
1.22	3.8	6.79995
1.22	4	6.50156
1.22	4.2	6.18916
1.22	4.4	5.86058
1.22	4.6	5.51305
1.22	4.8	5.1429
1.22	5	4.74514
1.22	5.2	4.31265
1.22	5.4	3.83467
1.22	5.6	3.29375
1.22	5.8	2.65843
1.22	6	1.86359
1.22	6.2	0.806392
1.22	6.4	0.0655931
1.22	6.6	3.21983e-05
1.22	6.8	5.60927e-16
1.22	7	2.96592e-53
1.22	7.2	5.73262e-181
1.22	7.4	0
1.22	7.6	0
1.22	7.8	0
1.22	8	0
1.22	8.2	0
1.22	8.4	0
1.22	8.6	0
1.22	8.8	0
1.22	9	0
1.22	9.2	0
1.22	9.4	0
1.22	9.6	0
1.22	9.8	0
1.22	10	0
1.24	0	11.1355
1.24	0.2	10.9547
1.24	0.4	10.7708
1.24	0.6	10.5837
1.24	0.8	10.3933
1.24	1	10.1994
1.24	1.2	10.0018
1.24	1.4	9.80015
1.24	1.6	9.59436
1.24	1.8	9.38409
1.24	2	9.16906
1.24	2.2	8.94892
1.24	2.4	8.72328
1.24	2.6	8.49173
1.24	2.8	8.25378
1.24	3	8.00885
1.24	3.2	7.75631
1.24	3.4	7.49541
1.24	3.6	7.22526
1.24	3.8	6.94482
1.24	4	6.65281
1.24	4.2	6.34769
1.24	4.4	6.02755
1.24	4.6	5.68993
1.24	4.8	5.33168
1.24	5	4.94853
1.24	5.2	4.53455
1.24	5.4	4.08108
1.24	5.6	3.57458
1.24	5.8	2.99198
1.24	6	2.28889
1.24	6.2	1.3677
1.24	6.4	0.322189
1.24	6.6	0.00418212
1.24	6.8	5.4266e-09
1.24	7	6.57343e-29
1.24	7.2	5.7826e-98
1.24	7.4	0
1.24	7.6	0
1.24	7.8	0
1.24	8	0
1.24	8.2	0
1.24	8.4	0
1.24	8.6	0
1.24	8.8	0
1.24	9	0
1.24	9.2	0
1.24	9.4	0
1.24	9.6	0
1.24	9.8	0
1.24	10	0
1.26	0	11.225
1.26	0.2	11.0456
1.26	0.4	10.8632
1.26	0.6	10.6778
1.26	0.8	10.4891
1.26	1	10.297
1.26	1.2	10.1012
1.26	1.4	9.90162
1.26	1.6	9.69797
1.26	1.8	9.48998
1.26	2	9.27739
1.26	2.2	9.05986
1.26	2.4	8.83704
1.26	2.6	8.60852
1.26	2.8	8.37384
1.26	3	8.1325
1.26	3.2	7.88387
1.26	3.4	7.62728
1.26	3.6	7.3619
1.26	3.8	7.08677
1.26	4	6.80075
1.26	4.2	6.50243
1.26	4.4	6.19011
1.26	4.6	5.86161
1.26	4.8	5.51418
1.26	5	5.14416
1.26	5.2	4.74655
1.26	5.4	4.31424
1.26	5.6	3.8365
1.26	5.8	3.29592
1.26	6	2.66113
1.26	6.2	1.86721
1.26	6.4	0.810862
1.26	6.6	0.0666894
1.26	6.8	3.38981e-05
1.26	7	6.67742e-16
1.26	7.2	5.45735e-53
1.26	7.4	4.52567e-180
1.26	7.6	0
1.26	7.8	0
1.26	8	0
1.26	8.2	0
1.26	8.4	0
1.26	8.6	0
1.26	8.8	0
1.26	9	0
1.26	9.2	0
1.26	9.4	0
1.26	9.6	0
1.26	9.8	0
1.26	10	0
1.28	0	11.3137
1.28	0.2	11.1357
1.28	0.4	10.9549
1.28	0.6	10.771
1.28	0.8	10.584
1.28	1	10.3936
1.28	1.2	10.1997
1.28	1.4	10.0021
1.28	1.6	9.80048
1.28	1.8	9.59471
1.28	2	9.38447
1.28	2.2	9.16946
1.28	2.4	8.94935
1.28	2.6	8.72375
1.28	2.8	8.49223
1.28	3	8.2543
1.28	3.2	8.00942
1.28	3.4	7.75692
1.28	3.6	7.49607
1.28	3.8	7.22597
1.28	4	6.94558
1.28	4.2	6.65364
1.28	4.4	6.34859
1.28	4.6	6.02852
1.28	4.8	5.691
1.28	5	5.33286
1.28	5.2	4.94984
1.28	5.4	4.53603
1.28	5.6	4.08276
1.28	5.8	3.57654
1.28	6	2.99435
1.28	6.2	2.29193
1.28	6.4	1.37195
1.28	6.6	0.325248
1.28	6.8	0.00430307
1.28	7	5.94798e-09
1.28	7.2	9.046e-29
1.28	7.4	1.74219e-97
1.28	7.6	0
1.28	7.8	0
1.28	8	0
1.28	8.2	0
1.28	8.4	0
1.28	8.6	0
1.28	8.8	0
1.28	9	0
1.28	9.2	0
1.28	9.4	0
1.28	9.6	0
1.28	9.8	0
1.28	10	0
1.3	0	11.4018
1.3	0.2	11.2252
1.3	0.4	11.0458
1.3	0.6	10.8634
1.3	0.8	10.678
1.3	1	10.4893
1.3	1.2	10.2972
1.3	1.4	10.1015
1.3	1.6	9.90194
1.3	1.8	9.69831
1.3	2	9.49035
1.3	2.2	9.27778
1.3	2.4	9.06027
1.3	2.6	8.83748
1.3	2.8	8.60899
1.3	3	8.37435
1.3	3.2	8.13304
1.3	3.4	7.88446
1.3	3.6	7.62791
1.3	3.8	7.36257
1.3	4	7.0875
1.3	4.2	6.80153
1.3	4.4	6.50328
1.3	4.6	6.19103
1.3	4.8	5.86262
1.3	5	5.51529
1.3	5.2	5.14539
1.3	5.4	4.74792
1.3	5.6	4.31579
1.3	5.8	3.83829
1.3	6	3.29804
1.3	6.2	2.66375
1.3	6.4	1.87071
1.3	6.6	0.815197
1.3	6.8	0.0677642
1.3	7	3.56219e-05
1.3	7.2	7.89892e-16
1.3	7.4	9.82178e-53
1.3	7.6	3.31519e-179
1.3	7.8	0
1.3	8	0
1.3	8.2	0
1.3	8.4	0
1.3	8.6	0
1.3	8.8	0
1.3	9	0
1.3	9.2	0
1.3	9.4	0
1.3	9.6	0
1.3	9.8	0
1.3	10	0
1.32	0	11.4891
1.32	0.2	11.3139
1.32	0.4	11.1359
1.32	0.6	10.9551
1.32	0.8	10.7712
1.32	1	10.5842
1.32	1.2	10.3939
1.32	1.4	10.2
1.32	1.6	10.0024
1.32	1.8	9.80081
1.32	2	9.59506
1.32	2.2	9.38485
1.32	2.4	9.16986
1.32	2.6	8.94978
1.32	2.8	8.7242
1.32	3	8.49272
1.32	3.2	8.25483
1.32	3.4	8.00998
1.32	3.6	7.75753
1.32	3.8	7.49672
1.32	4	7.22667
1.32	4.2	6.94633
1.32	4.4	6.65444
1.32	4.6	6.34947
1.32	4.8	6.02948
1.32	5	5.69205
1.32	5.2	5.33401
1.32	5.4	4.95112
1.32	5.6	4.53746
1.32	5.8	4.0844
1.32	6	3.57845
1.32	6.2	2.99665
1.32	6.4	2.29487
1.32	6.6	1.37605
1.32	6.8	0.328229
1.32	7	0.00442312
1.32	7.2	6.49833e-09
1.32	7.4	1.23074e-28
1.32	7.6	5.04589e-97
1.32	7.8	0
1.32	8	0
1.32	8.2	0
1.32	8.4	0
1.32	8.6	0
1.32	8.8	0
1.32	9	0
1.32	9.2	0
1.32	9.4	0
1.32	9.6	0
1.32	9.8	0
1.32	10	0
1.34	0	11.5758
1.34	0.2	11.4019
1.34	0.4	11.2254
1.34	0.6	11.046
1.34	0.8	10.8637
1.34	1	10.6783
1.34	1.2	10.4896
1.34	1.4	10.2975
1.34	1.6	10.1018
1.34	1.8	9.90226
1.34	2	9.69865
1.34	2.2	9.49071
1.34	2.4	9.27816
1.34	2.6	9.06069
1.34	2.8	8.83792
1.34	3	8.60946
1.34	3.2	8.37486
1.34	3.4	8.13358
1.34	3.6	7.88504
1.34	3.8	7.62853
1.34	4	7.36324
1.34	4.2	7.08821
1.34	4.4	6.8023
1.34	4.6	6.50412
1.34	4.8	6.19194
1.34	5	5.86361
1.34	5.2	5.51638
1.34	5.4	5.14658
1.34	5.6	4.74926
1.34	5.8	4.3173
1.34	6	3.84002
1.34	6.2	3.30009
1.34	6.4	2.66629
1.34	6.6	1.87411
1.34	6.8	0.819405
1.34	7	0.0688183
1.34	7.2	3.73689e-05
1.34	7.4	9.28887e-16
1.34	7.6	1.73148e-52
1.34	7.8	2.26444e-178
1.34	8	0
1.34	8.2	0
1.34	8.4	0
1.34	8.6	0
1.34	8.8	0
1.34	9	0
1.34	9.2	0
1.34	9.4	0
1.34	9.6	0
1.34	9.8	0
1.34	10	0
1.36	0	11.6619
1.36	0.2	11.4893
1.36	0.4	11.3141
1.36	0.6	11.1361
1.36	0.8	10.9553
1.36	1	10.7715
1.36	1.2	10.5845
1.36	1.4	10.3941
1.36	1.6	10.2003
1.36	1.8	10.0027
1.36	2	9.80114
1.36	2.2	9.59541
1.36	2.4	9.38522
1.36	2.6	9.17026
1.36	2.8	8.9502
1.36	3	8.72466
1.36	3.2	8.4932
1.36	3.4	8.25535
1.36	3.6	8.01053
1.36	3.8	7.75812
1.36	4	7.49735
1.36	4.2	7.22735
1.36	4.4	6.94707
1.36	4.6	6.65524
1.36	4.8	6.35033
1.36	5	6.03041
1.36	5.2	5.69307
1.36	5.4	5.33513
1.36	5.6	4.95236
1.36	5.8	4.53886
1.36	6	4.08599
1.36	6.2	3.5803
1.36	6.4	2.99889
1.36	6.6	2.29773
1.36	6.8	1.38004
1.36	7	0.331135
1.36	7.2	0.00454227
1.36	7.4	7.07806e-09
1.36	7.6	1.65671e-28
1.36	7.8	1.4085e-96
1.36	8	0
1.36	8.2	0
1.36	8.4	0
1.36	8.6	0
1.36	8.8	0
1.36	9	0
1.36	9.2	0
1.36	9.4	0
1.36	9.6	0
1.36	9.8	0
1.36	10	0
1.38	0	11.7473
1.38	0.2	11.576
1.38	0.4	11.4021
1.38	0.6	11.2256
1.38	0.8	11.0462
1.38	1	10.8639
1.38	1.2	10.6785
1.38	1.4	10.4899
1.38	1.6	10.2978
1.38	1.8	10.1021
1.38	2	9.90258
1.38	2.2	9.69899
1.38	2.4	9.49107
1.38	2.6	9.27855
1.38	2.8	9.0611
1.38	3	8.83836
1.38	3.2	8.60993
1.38	3.4	8.37536
1.38	3.6	8.13411
1.38	3.8	7.88561
1.38	4	7.62914
1.38	4.2	7.36389
1.38	4.4	7.08892
1.38	4.6	6.80306
1.38	4.8	6.50494
1.38	5	6.19283
1.38	5.2	5.86458
1.38	5.4	5.51744
1.38	5.6	5.14775
1.38	5.8	4.75056
1.38	6	4.31877
1.38	6.2	3.84171
1.38	6.4	3.30208
1.38	6.6	2.66875
1.38	6.8	1.8774
1.38	7	0.823492
1.38	7.2	0.0698528
1.38	7.4	3.91385e-05
1.38	7.6	1.08632e-15
1.38	7.8	2.99387e-52
1.38	8	1.4487e-177
1.38	8.2	0
1.38	8.4	0
1.38	8.6	0
1.38	8.8	0
1.38	9	0
1.38	9.2	0
1.38	9.4	0
1.38	9.6	0
1.38	9.8	0
1.38	10	0
1.4	0	11.8322
1.4	0.2	11.6621
1.4	0.4	11.4895
1.4	0.6	11.3143
1.4	0.8	11.1364
1.4	1	10.9555
1.4	1.2	10.7717
1.4	1.4	10.5847
1.4	1.6	10.3944
1.4	1.8	10.2006
1.4	2	10.003
1.4	2.2	9.80147
1.4	2.4	9.59576
1.4	2.6	9.38559
1.4	2.8	9.17066
1.4	3	8.95063
1.4	3.2	8.72511
1.4	3.4	8.49368
1.4	3.6	8.25586
1.4	3.8	8.01108
1.4	4	7.7587
1.4	4.2	7.49798
1.4	4.4	7.22802
1.4	4.6	6.94779
1.4	4.8	6.65602
1.4	5	6.35117
1.4	5.2	6.03133
1.4	5.4	5.69407
1.4	5.6	5.33623
1.4	5.8	4.95358
1.4	6	4.54022
1.4	6.2	4.08754
1.4	6.4	3.5821
1.4	6.6	3.00106
1.4	6.8	2.3005
1.4	7	1.3839
1.4	7.2	0.33397
1.4	7.4	0.00466056
1.4	7.6	7.68758e-09
1.4	7.8	2.20791e-28
1.4	8	3.79808e-96
1.4	8.2	4.94066e-324
1.4	8.4	0
1.4	8.6	0
1.4	8.8	0
1.4	9	0
1.4	9.2	0
1.4	9.4	0
1.4	9.6	0
1.4	9.8	0
1.4	10	0
1.42	0	11.9164
1.42	0.2	11.7475
1.42	0.4	11.5762
1.42	0.6	11.4023
1.42	0.8	11.2258
1.42	1	11.0464
1.42	1.2	10.8641
1.42	1.4	10.6788
1.42	1.6	10.4901
1.42	1.8	10.2981
1.42	2	10.1024
1.42	2.2	9.9029
1.42	2.4	9.69933
1.42	2.6	9.49144
1.42	2.8	9.27894
1.42	3	9.06151
1.42	3.2	8.8388
1.42	3.4	8.61039
1.42	3.6	8.37585
1.42	3.8	8.13464
1.42	4	7.88617
1.42	4.2	7.62974
1.42	4.4	7.36454
1.42	4.6	7.08961
1.42	4.8	6.80381
1.42	5	6.50574
1.42	5.2	6.19369
1.42	5.4	5.86553
1.42	5.6	5.51847
1.42	5.8	5.14889
1.42	6	4.75183
1.42	6.2	4.3202
1.42	6.4	3.84335
1.42	6.6	3.30402
1.42	6.8	2.67115
1.42	7	1.88059
1.42	7.2	0.827466
1.42	7.4	0.0708686
1.42	7.6	4.09298e-05
1.42	7.8	1.26386e-15
1.42	8	5.08346e-52
1.42	8.2	8.71601e-177
1.42	8.4	0
1.42	8.6	0
1.42	8.8	0
1.42	9	0
1.42	9.2	0
1.42	9.4	0
1.42	9.6	0
1.42	9.8	0
1.42	10	0
1.44	0	12
1.44	0.2	11.8323
1.44	0.4	11.6623
1.44	0.6	11.4897
1.44	0.8	11.3145
1.44	1	11.1366
1.44	1.2	10.9558
1.44	1.4	10.772
1.44	1.6	10.585
1.44	1.8	10.3947
1.44	2	10.2009
1.44	2.2	10.0033
1.44	2.4	9.8018
1.44	2.6	9.59611
1.44	2.8	9.38597
1.44	3	9.17106
1.44	3.2	8.95105
1.44	3.4	8.72556
1.44	3.6	8.49416
1.44	3.8	8.25637
1.44	4	8.01162
1.44	4.2	7.75928
1.44	4.4	7.4986
1.44	4.6	7.22868
1.44	4.8	6.9485
1.44	5	6.65678
1.44	5.2	6.352
1.44	5.4	6.03223
1.44	5.6	5.69505
1.44	5.8	5.3373
1.44	6	4.95477
1.44	6.2	4.54155
1.44	6.4	4.08905
1.44	6.6	3.58386
1.44	6.8	3.00317
1.44	7	2.30319
1.44	7.2	1.38765
1.44	7.4	0.336738
1.44	7.6	0.00477799
1.44	7.8	8.32727e-09
1.44	8	2.91502e-28
1.44	8.2	9.91457e-96
1.44	8.4	7.90505e-323
1.44	8.6	0
1.44	8.8	0
1.44	9	0
1.44	9.2	0
1.44	9.4	0
1.44	9.6	0
1.44	9.8	0
1.44	10	0
1.46	0	12.083
1.46	0.2	11.9165
1.46	0.4	11.7477
1.46	0.6	11.5764
1.46	0.8	11.4025
1.46	1	11.226
1.46	1.2	11.0467
1.46	1.4	10.8644
1.46	1.6	10.679
1.46	1.8	10.4904
1.46	2	10.2984
1.46	2.2	10.1027
1.46	2.4	9.90322
1.46	2.6	9.69967
1.46	2.8	9.4918
1.46	3	9.27932
1.46	3.2	9.06191
1.46	3.4	8.83923
1.46	3.6	8.61085
1.46	3.8	8.37634
1.46	4	8.13516
1.46	4.2	7.88672
1.46	4.4	7.63033
1.46	4.6	7.36517
1.46	4.8	7.09029
1.46	5	6.80454
1.46	5.2	6.50653
1.46	5.4	6.19455
1.46	5.6	5.86645
1.46	5.8	5.51948
1.46	6	5.15001
1.46	6.2	4.75307
1.46	6.4	4.32159
1.46	6.6	3.84496
1.46	6.8	3.30591
1.46	7	2.67348
1.46	7.2	1.8837
1.46	7.4	0.831333
1.46	7.6	0.0718663
1.46	7.8	4.27421e-05
1.46	8	1.46327e-15
1.46	8.2	8.48535e-52
1.46	8.4	4.94975e-176
1.46	8.6	0
1.46	8.8	0
1.46	9	0
1.46	9.2	0
1.46	9.4	0
1.46	9.6	0
1.46	9.8	0
1.46	10	0
1.48	0	12.1655
1.48	0.2	12.0002
1.48	0.4	11.8325
1.48	0.6	11.6624
1.48	0.8	11.4899
1.48	1	11.3147
1.48	1.2	11.1368
1.48	1.4	10.956
1.48	1.6	10.7722
1.48	1.8	10.5853
1.48	2	10.395
1.48	2.2	10.2011
1.48	2.4	10.0036
1.48	2.6	9.80213
1.48	2.8	9.59646
1.48	3	9.38634
1.48	3.2	9.17145
1.48	3.4	8.95146
1.48	3.6	8.726
1.48	3.8	8.49463
1.48	4	8.25687
1.48	4.2	8.01216
1.48	4.4	7.75985
1.48	4.6	7.4992
1.48	4.8	7.22933
1.48	5	6.9492
1.48	5.2	6.65753
1.48	5.4	6.35281
1.48	5.6	6.03311
1.48	5.8	5.696
1.48	6	5.33835
1.48	6.2	4.95593
1.48	6.4	4.54285
1.48	6.6	4.09052
1.48	6.8	3.58556
1.48	7	3.00522
1.48	7.2	2.30581
1.48	7.4	1.39129
1.48	7.6	0.339442
1.48	7.8	0.00489459
1.48	8	8.99751e-09
1.48	8.2	3.81474e-28
1.48	8.4	2.5103e-95
1.48	8.6	1.7737e-321
1.48	8.8	0
1.48	9	0
1.48	9.2	0
1.48	9.4	0
1.48	9.6	0
1.48	9.8	0
1.48	10	0
1.5	0	12.2474
1.5	0.2	12.0832
1.5	0.4	11.9167
1.5	0.6	11.7479
1.5	0.8	11.5766
1.5	1	11.4027
1.5	1.2	11.2262
1.5	1.4	11.0469
1.5	1.6	10.8646
1.5	1.8	10.6793
1.5	2	10.4907
1.5	2.2	10.2986
1.5	2.4	10.103
1.5	2.6	9.90354
1.5	2.8	9.70001
1.5	3	9.49215
1.5	3.2	9.2797
1.5	3.4	9.06232
1.5	3.6	8.83965
1.5	3.8	8.61131
1.5	4	8.37682
1.5	4.2	8.13567
1.5	4.4	7.88727
1.5	4.6	7.63091
1.5	4.8	7.36579
1.5	5	7.09096
1.5	5.2	6.80525
1.5	5.4	6.5073
1.5	5.6	6.19538
1.5	5.8	5.86736
1.5	6	5.52047
1.5	6.2	5.1511
1.5	6.4	4.75428
1.5	6.6	4.32295
1.5	6.8	3.84652
1.5	7	3.30775
1.5	7.2	2.67574
1.5	7.4	1.88672
1.5	7.6	0.835097
1.5	7.8	0.0728468
1.5	8	4.45749e-05
1.5	8.2	1.68638e-15
1.5	8.4	1.3938e-51
1.5	8.6	2.66221e-175
1.5	8.8	0
1.5	9	0
1.5	9.2	0
1.5	9.4	0
1.5	9.6	0
1.5	9.8	0
1.5	10	0
1.52	0	12.3288
1.52	0.2	12.1657
1.52	0.4	12.0003
1.52	0.6	11.8327
1.52	0.8	11.6626
1.52	1	11.4901
1.52	1.2	11.3149
1.52	1.4	11.137
1.52	1.6	10.9562
1.52	1.8	10.7725
1.52	2	10.5855
1.52	2.2	10.3952
1.52	2.4	10.2014
1.52	2.6	10.0039
1.52	2.8	9.80246
1.52	3	9.59681
1.52	3.2	9.3867
1.52	3.4	9.17184
1.52	3.6	8.95188
1.52	3.8	8.72644
1.52	4	8.49509
1.52	4.2	8.25736
1.52	4.4	8.01268
1.52	4.6	7.76041
1.52	4.8	7.4998
1.52	5	7.22997
1.52	5.2	6.94988
1.52	5.4	6.65827
1.52	5.6	6.3536
1.52	5.8	6.03397
1.52	6	5.69694
1.52	6.2	5.33938
1.52	6.4	4.95706
1.52	6.6	4.54411
1.52	6.8	4.09196
1.52	7	3.58723
1.52	7.2	3.00722
1.52	7.4	2.30836
1.52	7.6	1.39484
1.52	7.8	0.342085
1.52	8	0.00501038
1.52	8.2	9.69865e-09
1.52	8.4	4.95079e-28
1.52	8.6	6.17567e-95
1.52	8.8	3.53356e-320
1.52	9	0
1.52	9.2	0
1.52	9.4	0
1.52	9.6	0
1.52	9.8	0
1.52	10	0
1.54	0	12.4097
1.54	0.2	12.2476
1.54	0.4	12.0834
1.54	0.6	11.9169
1.54	0.8	11.748
1.54	1	11.5768
1.54	1.2	11.4029
1.54	1.4	11.2264
1.54	1.6	11.0471
1.54	1.8	10.8649
1.54	2	10.6795
1.54	2.2	10.4909
1.54	2.4	10.2989
1.54	2.6	10.1033
1.54	2.8	9.90386
1.54	3	9.70034
1.54	3.2	9.49251
1.54	3.4	9.28008
1.54	3.6	9.06272
1.54	3.8	8.84008
1.54	4	8.61176
1.54	4.2	8.3773
1.54	4.4	8.13618
1.54	4.6	7.88781
1.54	4.8	7.63149
1.54	5	7.36641
1.54	5.2	7.09161
1.54	5.4	6.80596
1.54	5.6	6.50806
1.54	5.8	6.1962
1.54	6	5.86825
1.54	6.2	5.52144
1.54	6.4	5.15216
1.54	6.6	4.75546
1.54	6.8	4.32428
1.54	7	3.84804
1.54	7.2	3.30954
1.54	7.4	2.67795
1.54	7.6	1.88965
1.54	7.8	0.838766
1.54	8	0.0738107
1.54	8.2	4.64274e-05
1.54	8.4	1.93512e-15
1.54	8.6	2.25499e-51
1.54	8.8	1.36031e-174
1.54	9	0
1.54	9.2	0
1.54	9.4	0
1.54	9.6	0
1.54	9.8	0
1.54	10	0
1.56	0	12.49
1.56	0.2	12.329
1.56	0.4	12.1658
1.56	0.6	12.0005
1.56	0.8	11.8328
1.56	1	11.6628
1.56	1.2	11.4903
1.56	1.4	11.3151
1.56	1.6	11.1372
1.56	1.8	10.9565
1.56	2	10.7727
1.56	2.2	10.5858
1.56	2.4	10.3955
1.56	2.6	10.2017
1.56	2.8	10.0042
1.56	3	9.80279
1.56	3.2	9.59716
1.56	3.4	9.38707
1.56	3.6	9.17223
1.56	3.8	8.95229
1.56	4	8.72687
1.56	4.2	8.49556
1.56	4.4	8.25785
1.56	4.6	8.0132
1.56	4.8	7.76096
1.56	5	7.50039
1.56	5.2	7.2306
1.56	5.4	6.95056
1.56	5.6	6.659
1.56	5.8	6.35438
1.56	6	6.03481
1.56	6.2	5.69786
1.56	6.4	5.34038
1.56	6.6	4.95817
1.56	6.8	4.54535
1.56	7	4.09336
1.56	7.2	3.58885
1.56	7.4	3.00917
1.56	7.6	2.31084
1.56	7.8	1.39829
1.56	8	0.34467
1.56	8.2	0.00512538
1.56	8.4	1.0431e-08
1.56	8.6	6.3749e-28
1.56	8.8	1.47861e-94
1.56	9	6.42863e-319
1.56	9.2	0
1.56	9.4	0
1.56	9.6	0
1.56	9.8	0
1.56	10	0
1.58	0	12.5698
1.58	0.2	12.4098
1.58	0.4	12.2478
1.58	0.6	12.0835
1.58	0.8	11.917
1.58	1	11.7482
1.58	1.2	11.577
1.58	1.4	11.4031
1.58	1.6	11.2266
1.58	1.8	11.0473
1.58	2	10.8651
1.58	2.2	10.6798
1.58	2.4	10.4912
1.58	2.6	10.2992
1.58	2.8	10.1036
1.58	3	9.90417
1.58	3.2	9.70068
1.58	3.4	9.49287
1.58	3.6	9.28045
1.58	3.8	9.06311
1.58	4	8.8405
1.58	4.2	8.6122
1.58	4.4	8.37777
1.58	4.6	8.13668
1.58	4.8	7.88834
1.58	5	7.63205
1.58	5.2	7.36701
1.58	5.4	7.09226
1.58	5.6	6.80665
1.58	5.8	6.5088
1.58	6	6.197
1.58	6.2	5.86912
1.58	6.4	5.52239
1.58	6.6	5.15321
1.58	6.8	4.75661
1.58	7	4.32558
1.58	7.2	3.84952
1.58	7.4	3.31129
1.58	7.6	2.6801
1.58	7.8	1.89251
1.58	8	0.842343
1.58	8.2	0.0747588
1.58	8.4	4.8299e-05
1.58	8.6	2.21147e-15
1.58	8.8	3.59641e-51
1.58	9	6.6222e-174
1.58	9.2	0
1.58	9.4	0
1.58	9.6	0
1.58	9.8	0
1.58	10	0
1.6	0	12.6491
1.6	0.2	12.4901
1.6	0.4	12.3291
1.6	0.6	12.166
1.6	0.8	12.0007
1.6	1	11.833
1.6	1.2	11.663
1.6	1.4	11.4905
1.6	1.6	11.3153
1.6	1.8	11.1375
1.6	2	10.9567
1.6	2.2	10.773
1.6	2.4	10.586
1.6	2.6	10.3958
1.6	2.8	10.202
1.6	3	10.0045
1.6	3.2	9.80311
1.6	3.4	9.5975
1.6	3.6	9.38743
1.6	3.8	9.17261
1.6	4	8.95269
1.6	4.2	8.7273
1.6	4.4	8.49601
1.6	4.6	8.25833
1.6	4.8	8.01371
1.6	5	7.76151
1.6	5.2	7.50097
1.6	5.4	7.23122
1.6	5.6	6.95122
1.6	5.8	6.65971
1.6	6	6.35515
1.6	6.2	6.03564
1.6	6.4	5.69876
1.6	6.6	5.34137
1.6	6.8	4.95925
1.6	7	4.54656
1.6	7.2	4.09473
1.6	7.4	3.59044
1.6	7.6	3.01107
1.6	7.8	2.31326
1.6	8	1.40165
1.6	8.2	0.3472
1.6	8.4	0.00523959
1.6	8.6	1.11949e-08
1.6	8.8	8.14795e-28
1.6	9	3.4505e-94
1.6	9.2	1.07416e-317
1.6	9.4	0
1.6	9.6	0
1.6	9.8	0
1.6	10	0
1.62	0	12.7279
1.62	0.2	12.5699
1.62	0.4	12.41
1.62	0.6	12.2479
1.62	0.8	12.0837
1.62	1	11.9172
1.62	1.2	11.7484
1.62	1.4	11.5771
1.62	1.6	11.4033
1.62	1.8	11.2268
1.62	2	11.0476
1.62	2.2	10.8653
1.62	2.4	10.68
1.62	2.6	10.4915
1.62	2.8	10.2995
1.62	3	10.1039
1.62	3.2	9.90449
1.62	3.4	9.70101
1.62	3.6	9.49322
1.62	3.8	9.28082
1.62	4	9.06351
1.62	4.2	8.84091
1.62	4.4	8.61264
1.62	4.6	8.37824
1.62	4.8	8.13718
1.62	5	7.88886
1.62	5.2	7.63261
1.62	5.4	7.36761
1.62	5.6	7.09289
1.62	5.8	6.80733
1.62	6	6.50953
1.62	6.2	6.19779
1.62	6.4	5.86997
1.62	6.6	5.52332
1.62	6.8	5.15423
1.62	7	4.75774
1.62	7.2	4.32685
1.62	7.4	3.85098
1.62	7.6	3.313
1.62	7.8	2.6822
1.62	8	1.89529
1.62	8.2	0.845832
1.62	8.4	0.0756915
1.62	8.6	5.01892e-05
1.62	8.8	2.51753e-15
1.62	9	5.65865e-51
1.62	9.2	3.07947e-173
1.62	9.4	0
1.62	9.6	0
1.62	9.8	0
1.62	10	0
1.64	0	12.8062
1.64	0.2	12.6492
1.64	0.4	12.4903
1.64	0.6	12.3293
1.64	0.8	12.1662
1.64	1	12.0008
1.64	1.2	11.8332
1.64	1.4	11.6632
1.64	1.6	11.4907
1.64	1.8	11.3155
1.64	2	11.1377
1.64	2.2	10.9569
1.64	2.4	10.7732
1.64	2.6	10.5863
1.64	2.8	10.3961
1.64	3	10.2023
1.64	3.2	10.0048
1.64	3.4	9.80343
1.64	3.6	9.59784
1.64	3.8	9.38779
1.64	4	9.17299
1.64	4.2	8.95309
1.64	4.4	8.72773
1.64	4.6	8.49646
1.64	4.8	8.25881
1.64	5	8.01422
1.64	5.2	7.76205
1.64	5.4	7.50154
1.64	5.6	7.23183
1.64	5.8	6.95187
1.64	6	6.6604
1.64	6.2	6.3559
1.64	6.4	6.03645
1.64	6.6	5.69964
1.64	6.8	5.34233
1.64	7	4.96031
1.64	7.2	4.54774
1.64	7.4	4.09606
1.64	7.6	3.59199
1.64	7.8	3.01293
1.64	8	2.31561
1.64	8.2	1.40492
1.64	8.4	0.349677
1.64	8.6	0.00535303
1.64	8.8	1.19907e-08
1.64	9	1.03412e-27
1.64	9.2	7.85894e-94
1.64	9.4	1.65584e-316
1.64	9.6	0
1.64	9.8	0
1.64	10	0
1.66	0	12.8841
1.66	0.2	12.7281
1.66	0.4	12.5701
1.66	0.6	12.4101
1.66	0.8	12.2481
1.66	1	12.0839
1.66	1.2	11.9174
1.66	1.4	11.7486
1.66	1.6	11.5773
1.66	1.8	11.4035
1.66	2	11.2271
1.66	2.2	11.0478
1.66	2.4	10.8656
1.66	2.6	10.6803
1.66	2.8	10.4917
1.66	3	10.2998
1.66	3.2	10.1042
1.66	3.4	9.9048
1.66	3.6	9.70134
1.66	3.8	9.49357
1.66	4	9.28119
1.66	4.2	9.06389
1.66	4.4	8.84132
1.66	4.6	8.61308
1.66	4.8	8.3787
1.66	5	8.13766
1.66	5.2	7.88938
1.66	5.4	7.63316
1.66	5.6	7.36819
1.66	5.8	7.09352
1.66	6	6.808
1.66	6.2	6.51025
1.66	6.4	6.19856
1.66	6.6	5.87081
1.66	6.8	5.52423
1.66	7	5.15522
1.66	7.2	4.75885
1.66	7.4	4.32809
1.66	7.6	3.85239
1.66	7.8	3.31466
1.66	8	2.68424
1.66	8.2	1.89801
1.66	8.4	0.849239
1.66	8.6	0.0766096
1.66	8.8	5.20975e-05
1.66	9	2.85547e-15
1.66	9.2	8.78989e-51
1.66	9.4	1.37122e-172
1.66	9.6	0
1.66	9.8	0
1.66	10	0
1.68	0	12.9615
1.68	0.2	12.8064
1.68	0.4	12.6494
1.68	0.6	12.4904
1.68	0.8	12.3294
1.68	1	12.1663
1.68	1.2	12.001
1.68	1.4	11.8334
1.68	1.6	11.6634
1.68	1.8	11.4909
1.68	2	11.3158
1.68	2.2	11.1379
1.68	2.4	10.9572
1.68	2.6	10.7735
1.68	2.8	10.5866
1.68	3	10.3963
1.68	3.2	10.2026
1.68	3.4	10.0051
1.68	3.6	9.80376
1.68	3.8	9.59818
1.68	4	9.38815
1.68	4.2	9.17337
1.68	4.4	8.95349
1.68	4.6	8.72815
1.68	4.8	8.4969
1.68	5	8.25928
1.68	5.2	8.01472
1.68	5.4	7.76258
1.68	5.6	7.50211
1.68	5.8	7.23243
1.68	6	6.95251
1.68	6.2	6.66109
1.68	6.4	6.35664
1.68	6.6	6.03724
1.68	6.8	5.7005
1.68	7	5.34327
1.68	7.2	4.96135
1.68	7.4	4.5489
1.68	7.6	4.09737
1.68	7.8	3.5935
1.68	8	3.01474
1.68	8.2	2.31791
1.68	8.4	1.40811
1.68	8.6	0.352103
1.68	8.8	0.00546573
1.68	9	1.28187e-08
1.68	9.2	1.30377e-27
1.68	9.4	1.74925e-93
1.68	9.6	2.36484e-315
1.68	9.8	0
1.68	10	0
1.7	0	13.0384
1.7	0.2	12.8842
1.7	0.4	12.7282
1.7	0.6	12.5702
1.7	0.8	12.4103
1.7	1	12.2482
1.7	1.2	12.084
1.7	1.4	11.9176
1.7	1.6	11.7488
1.7	1.8	11.5775
1.7	2	11.4037
1.7	2.2	11.2273
1.7	2.4	11.048
1.7	2.6	10.8658
1.7	2.8	10.6805
1.7	3	10.492
1.7	3.2	10.3001
1.7	3.4	10.1045
1.7	3.6	9.90512
1.7	3.8	9.70167
1.7	4	9.49391
1.7	4.2	9.28156
1.7	4.4	9.06428
1.7	4.6	8.84173
1.7	4.8	8.61351
1.7	5	8.37915
1.7	5.2	8.13814
1.7	5.4	7.88989
1.7	5.6	7.6337
1.7	5.8	7.36877
1.7	6	7.09413
1.7	6.2	6.80865
1.7	6.4	6.51095
1.7	6.6	6.19932
1.7	6.8	5.87163
1.7	7	5.52512
1.7	7.2	5.1562
1.7	7.4	4.75993
1.7	7.6	4.32931
1.7	7.8	3.85378
1.7	8	3.31629
1.7	8.2	2.68624
1.7	8.4	1.90066
1.7	8.6	0.852566
1.7	8.8	0.0775135
1.7	9	5.40233e-05
1.7	9.2	3.22753e-15
1.7	9.4	1.34887e-50
1.7	9.6	5.85954e-172
1.7	9.8	0
1.7	10	0
1.72	0	13.1149
1.72	0.2	12.9616
1.72	0.4	12.8065
1.72	0.6	12.6495
1.72	0.8	12.4906
1.72	1	12.3296
1.72	1.2	12.1665
1.72	1.4	12.0012
1.72	1.6	11.8336
1.72	1.8	11.6636
1.72	2	11.4911
1.72	2.2	11.316
1.72	2.4	11.1381
1.72	2.6	10.9574
1.72	2.8	10.7737
1.72	3	10.5868
1.72	3.2	10.3966
1.72	3.4	10.2029
1.72	3.6	10.0055
1.72	3.8	9.80408
1.72	4	9.59852
1.72	4.2	9.38851
1.72	4.4	9.17374
1.72	4.6	8.95388
1.72	4.8	8.72856
1.72	5	8.49734
1.72	5.2	8.25975
1.72	5.4	8.01521
1.72	5.6	7.7631
1.72	5.8	7.50266
1.72	6	7.23302
1.72	6.2	6.95314
1.72	6.4	6.66176
1.72	6.6	6.35736
1.72	6.8	6.03803
1.72	7	5.70135
1.72	7.2	5.3442
1.72	7.4	4.96237
1.72	7.6	4.55003
1.72	7.8	4.09865
1.72	8	3.59498
1.72	8.2	3.01651
1.72	8.4	2.32016
1.72	8.6	1.41123
1.72	8.8	0.354481
1.72	9	0.00557769
1.72	9.2	1.36791e-08
1.72	9.4	1.63338e-27
1.72	9.6	3.80937e-93
1.72	9.8	3.14126e-314
1.72	10	0
1.74	0	13.1909
1.74	0.2	13.0385
1.74	0.4	12.8844
1.74	0.6	12.7283
1.74	0.8	12.5704
1.74	1	12.4104
1.74	1.2	12.2484
1.74	1.4	12.0842
1.74	1.6	11.9178
1.74	1.8	11.749
1.74	2	11.5777
1.74	2.2	11.404
1.74	2.4	11.2275
1.74	2.6	11.0483
1.74	2.8	10.8661
1.74	3	10.6808
1.74	3.2	10.4923
1.74	3.4	10.3003
1.74	3.6	10.1048
1.74	3.8	9.90543
1.74	4	9.702
1.74	4.2	9.49426
1.74	4.4	9.28192
1.74	4.6	9.06466
1.74	4.8	8.84213
1.74	5	8.61393
1.74	5.2	8.3796
1.74	5.4	8.13862
1.74	5.6	7.8904
1.74	5.8	7.63424
1.74	6	7.36934
1.74	6.2	7.09474
1.74	6.4	6.8093
1.74	6.6	6.51164
1.74	6.8	6.20007
1.74	7	5.87243
1.74	7.2	5.526
1.74	7.4	5.15716
1.74	7.6	4.76099
1.74	7.8	4.33049
1.74	8	3.85514
1.74	8.2	3.31788
1.74	8.4	2.68819
1.74	8.6	1.90324
1.74	8.8	0.855817
1.74	9	0.0784037
1.74	9.2	5.59661e-05
1.74	9.4	3.63604e-15
1.74	9.6	2.04614e-50
1.74	9.8	2.40794e-171
1.74	10	0
1.76	0	13.2665
1.76	0.2	13.115
1.76	0.4	12.9617
1.76	0.6	12.8066
1.76	0.8	12.6497
1.76	1	12.4907
1.76	1.2	12.3297
1.76	1.4	12.1667
1.76	1.6	12.0013
1.76	1.8	11.8338
1.76	2	11.6638
1.76	2.2	11.4913
1.76	2.4	11.3162
1.76	2.6	11.1383
1.76	2.8	10.9577
1.76	3	10.7739
1.76	3.2	10.5871
1.76	3.4	10.3969
1.76	3.6	10.2032
1.76	3.8	10.0058
1.76	4	9.80439
1.76	4.2	9.59885
1.76	4.4	9.38886
1.76	4.6	9.17411
1.76	4.8	8.95427
1.76	5	8.72897
1.76	5.2	8.49778
1.76	5.4	8.2602
1.76	5.6	8.0157
1.76	5.8	7.76361
1.76	6	7.50321
1.76	6.2	7.2336
1.76	6.4	6.95376
1.76	6.6	6.66243
1.76	6.8	6.35807
1.76	7	6.03879
1.76	7.2	5.70218
1.76	7.4	5.3451
1.76	7.6	4.96337
1.76	7.8	4.55114
1.76	8	4.0999
1.76	8.2	3.59643
1.76	8.4	3.01824
1.76	8.6	2.32235
1.76	8.8	1.41427
1.76	9	0.356812
1.76	9.2	0.00568893
1.76	9.4	1.45722e-08
1.76	9.6	2.03406e-27
1.76	9.8	8.12533e-93
1.76	10	0
1.78	0	13.3417
1.78	0.2	13.191
1.78	0.4	13.0387
1.78	0.6	12.8845
1.78	0.8	12.7285
1.78	1	12.5705
1.78	1.2	12.4106
1.78	1.4	12.2486
1.78	1.6	12.0844
1.78	1.8	11.9179
1.78	2	11.7492
1.78	2.2	11.5779
1.78	2.4	11.4042
1.78	2.6	11.2277
1.78	2.8	11.0485
1.78	3	10.8663
1.78	3.2	10.681
1.78	3.4	10.4925
1.78	3.6	10.3006
1.78	3.8	10.1051
1.78	4	9.90573
1.78	4.2	9.70232
1.78	4.4	9.4946
1.78	4.6	9.28228
1.78	4.8	9.06504
1.78	5	8.84253
1.78	5.2	8.61435
1.78	5.4	8.38004
1.78	5.6	8.13909
1.78	5.8	7.89089
1.78	6	7.63476
1.78	6.2	7.36989
1.78	6.4	7.09533
1.78	6.6	6.80994
1.78	6.8	6.51233
1.78	7	6.2008
1.78	7.2	5.87322
1.78	7.4	5.52686
1.78	7.6	5.1581
1.78	7.8	4.76203
1.78	8	4.33166
1.78	8.2	3.85646
1.78	8.4	3.31944
1.78	8.6	2.6901
1.78	8.8	1.90577
1.78	9	0.858997
1.78	9.2	0.0792807
1.78	9.4	5.79254e-05
1.78	9.6	4.0834e-15
1.78	9.8	3.06992e-50
1.78	10	0
1.8	0	13.4164
1.8	0.2	13.2666
1.8	0.4	13.1151
1.8	0.6	12.9619
1.8	0.8	12.8068
1.8	1	12.6498
1.8	1.2	12.4909
1.8	1.4	12.3299
1.8	1.6	12.1668
1.8	1.8	12.0015
1.8	2	11.8339
1.8	2.2	11.664
1.8	2.4	11.4915
1.8	2.6	11.3164
1.8	2.8	11.1386
1.8	3	10.9579
1.8	3.2	10.7742
1.8	3.4	10.5873
1.8	3.6	10.3972
1.8	3.8	10.2035
1.8	4	10.0061
1.8	4.2	9.80471
1.8	4.4	9.59918
1.8	4.6	9.3892
1.8	4.8	9.17448
1.8	5	8.95466
1.8	5.2	8.72938
1.8	5.4	8.49821
1.8	5.6	8.26066
1.8	5.8	8.01617
1.8	6	7.76412
1.8	6.2	7.50374
1.8	6.4	7.23418
1.8	6.6	6.95437
1.8	6.8	6.66308
1.8	7	6.35877
1.8	7.2	6.03955
1.8	7.4	5.703
1.8	7.6	5.34599
1.8	7.8	4.96434
1.8	8	4.55222
1.8	8.2	4.10113
1.8	8.4	3.59784
1.8	8.6	3.01993
1.8	8.8	2.32449
1.8	9	1.41724
1.8	9.2	0.359099
1.8	9.4	0.00579947
1.8	9.6	1.54982e-08
1.8	9.8	2.5186e-27
1.8	10	0
1.82	0	13.4907
1.82	0.2	13.3418
1.82	0.4	13.1911
1.82	0.6	13.0388
1.82	0.8	12.8846
1.82	1	12.7286
1.82	1.2	12.5707
1.82	1.4	12.4107
1.82	1.6	12.2487
1.82	1.8	12.0845
1.82	2	11.9181
1.82	2.2	11.7493
1.82	2.4	11.5781
1.82	2.6	11.4044
1.82	2.8	11.2279
1.82	3	11.0487
1.82	3.2	10.8665
1.82	3.4	10.6813
1.82	3.6	10.4928
1.82	3.8	10.3009
1.82	4	10.1054
1.82	4.2	9.90604
1.82	4.4	9.70264
1.82	4.6	9.49494
1.82	4.8	9.28263
1.82	5	9.06541
1.82	5.2	8.84293
1.82	5.4	8.61477
1.82	5.6	8.38048
1.82	5.8	8.13955
1.82	6	7.89138
1.82	6.2	7.63528
1.82	6.4	7.37045
1.82	6.6	7.09592
1.82	6.8	6.81056
1.82	7	6.51299
1.82	7.2	6.20152
1.82	7.4	5.874
1.82	7.6	5.5277
1.82	7.8	5.15902
1.82	8	4.76305
1.82	8.2	4.3328
1.82	8.4	3.85776
1.82	8.6	3.32096
1.82	8.8	2.69196
1.82	9	1.90823
1.82	9.2	0.862107
1.82	9.4	0.0801451
1.82	9.6	5.99009e-05
1.82	9.8	4.57213e-15
1.82	10	0
1.84	0	13.5647
1.84	0.2	13.4165
1.84	0.4	13.2667
1.84	0.6	13.1152
1.84	0.8	12.962
1.84	1	12.8069
1.84	1.2	12.65
1.84	1.4	12.491
1.84	1.6	12.3301
1.84	1.8	12.167
1.84	2	12.0017
1.84	2.2	11.8341
1.84	2.4	11.6642
1.84	2.6	11.4917
1.84	2.8	11.3166
1.84	3	11.1388
1.84	3.2	10.9581
1.84	3.4	10.7744
1.84	3.6	10.5876
1.84	3.8	10.3974
1.84	4	10.2037
1.84	4.2	10.0064
1.84	4.4	9.80502
1.84	4.6	9.59951
1.84	4.8	9.38955
1.84	5	9.17484
1.84	5.2	8.95504
1.84	5.4	8.72978
1.84	5.6	8.49863
1.84	5.8	8.2611
1.84	6	8.01665
1.84	6.2	7.76462
1.84	6.4	7.50428
1.84	6.6	7.23474
1.84	6.8	6.95497
1.84	7	6.66372
1.84	7.2	6.35946
1.84	7.4	6.04029
1.84	7.6	5.7038
1.84	7.8	5.34686
1.84	8	4.9653
1.84	8.2	4.55329
1.84	8.4	4.10233
1.84	8.6	3.59923
1.84	8.8	3.02158
1.84	9	2.32659
1.84	9.2	1.42014
1.84	9.4	0.361343
1.84	9.6	0.00590931
1.84	9.8	1.64575e-08
1.84	10	0
1.86	0	13.6382
1.86	0.2	13.4908
1.86	0.4	13.3419
1.86	0.6	13.1913
1.86	0.8	13.0389
1.86	1	12.8848
1.86	1.2	12.7288
1.86	1.4	12.5708
1.86	1.6	12.4109
1.86	1.8	12.2489
1.86	2	12.0847
1.86	2.2	11.9183
1.86	2.4	11.7495
1.86	2.6	11.5783
1.86	2.8	11.4046
1.86	3	11.2282
1.86	3.2	11.0489
1.86	3.4	10.8668
1.86	3.6	10.6816
1.86	3.8	10.4931
1.86	4	10.3012
1.86	4.2	10.1057
1.86	4.4	9.90635
1.86	4.6	9.70296
1.86	4.8	9.49527
1.86	5	9.28298
1.86	5.2	9.06578
1.86	5.4	8.84331
1.86	5.6	8.61518
1.86	5.8	8.38091
1.86	6	8.14001
1.86	6.2	7.89186
1.86	6.4	7.63579
1.86	6.6	7.37099
1.86	6.8	7.0965
1.86	7	6.81118
1.86	7.2	6.51365
1.86	7.4	6.20222
1.86	7.6	5.87476
1.86	7.8	5.52853
1.86	8	5.15993
1.86	8.2	4.76405
1.86	8.4	4.33391
1.86	8.6	3.85903
1.86	8.8	3.32245
1.86	9	2.69379
1.86	9.2	1.91064
1.86	9.4	0.865151
1.86	9.6	0.0809971
1.86	9.8	6.1893e-05
1.86	10	0
1.88	0	13.7113
1.88	0.2	13.5648
1.88	0.4	13.4166
1.88	0.6	13.2669
1.88	0.8	13.1154
1.88	1	12.9621
1.88	1.2	12.8071
1.88	1.4	12.6501
1.88	1.6	12.4912
1.88	1.8	12.3302
1.88	2	12.1672
1.88	2.2	12.0019
1.88	2.4	11.8343
1.88	2.6	11.6643
1.88	2.8	11.4919
1.88	3	11.3168
1.88	3.2	11.139
1.88	3.4	10.9584
1.88	3.6	10.7747
1.88	3.8	10.5879
1.88	4	10.3977
1.88	4.2	10.204
1.88	4.4	10.0066
1.88	4.6	9.80533
1.88	4.8	9.59984
1.88	5	9.38989
1.88	5.2	9.1752
1.88	5.4	8.95542
1.88	5.6	8.73018
1.88	5.8	8.49905
1.88	6	8.26155
1.88	6.2	8.01711
1.88	6.4	7.76511
1.88	6.6	7.5048
1.88	6.8	7.23529
1.88	7	6.95556
1.88	7.2	6.66435
1.88	7.4	6.36013
1.88	7.6	6.04101
1.88	7.8	5.70458
1.88	8	5.34772
1.88	8.2	4.96624
1.88	8.4	4.55433
1.88	8.6	4.10351
1.88	8.8	3.60058
1.88	9	3.0232
1.88	9.2	2.32864
1.88	9.4	1.42298
1.88	9.6	0.363546
1.88	9.8	0.00605765
1.88	10	0
1.9	0	13.784
1.9	0.2	13.6383
1.9	0.4	13.491
1.9	0.6	13.342
1.9	0.8	13.1914
1.9	1	13.039
1.9	1.2	12.8849
1.9	1.4	12.7289
1.9	1.6	12.571
1.9	1.8	12.411
1.9	2	12.249
1.9	2.2	12.0849
1.9	2.4	11.9185
1.9	2.6	11.7497
1.9	2.8	11.5785
1.9	3	11.4048
1.9	3.2	11.2284
1.9	3.4	11.0492
1.9	3.6	10.867
1.9	3.8	10.6818
1.9	4	10.4933
1.9	4.2	10.3015
1.9	4.4	10.106
1.9	4.6	9.90665
1.9	4.8	9.70328
1.9	5	9.4956
1.9	5.2	9.28333
1.9	5.4	9.06615
1.9	5.6	8.8437
1.9	5.8	8.61558
1.9	6	8.38134
1.9	6.2	8.14046
1.9	6.4	7.89234
1.9	6.6	7.6363
1.9	6.8	7.37152
1.9	7	7.09706
1.9	7.2	6.81178
1.9	7.4	6.5143
1.9	7.6	6.20292
1.9	7.8	5.87551
1.9	8	5.52934
1.9	8.2	5.16082
1.9	8.4	4.76503
1.9	8.6	4.33501
1.9	8.8	3.86029
1.9	9	3.32393
1.9	9.2	2.69561
1.9	9.4	1.91313
1.9	9.6	0.868812
1.9	9.8	0.0929673
1.9	10	0
1.92	0	13.8564
1.92	0.2	13.7114
1.92	0.4	13.5649
1.92	0.6	13.4168
1.92	0.8	13.267
1.92	1	13.1155
1.92	1.2	12.9623
1.92	1.4	12.8072
1.92	1.6	12.6503
1.92	1.8	12.4913
1.92	2	12.3304
1.92	2.2	12.1673
1.92	2.4	12.0021
1.92	2.6	11.8345
1.92	2.8	11.6645
1.92	3	11.4921
1.92	3.2	11.317
1.92	3.4	11.1392
1.92	3.6	10.9586
1.92	3.8	10.7749
1.92	4	10.5881
1.92	4.2	10.398
1.92	4.4	10.2043
1.92	4.6	10.0069
1.92	4.8	9.80564
1.92	5	9.60016
1.92	5.2	9.39023
1.92	5.4	9.17556
1.92	5.6	8.9558
1.92	5.8	8.73058
1.92	6	8.49947
1.92	6.2	8.26199
1.92	6.4	8.01759
1.92	6.6	7.76562
1.92	6.8	7.50534
1.92	7	7.23588
1.92	7.2	6.9562
1.92	7.4	6.66505
1.92	7.6	6.3609
1.92	7.8	6.04188
1.92	8	5.70559
1.92	8.2	5.34892
1.92	8.4	4.96773
1.92	8.6	4.5563
1.92	8.8	4.10633
1.92	9	3.60509
1.92	9.2	3.03159
1.92	9.4	2.34825
1.92	9.6	1.49233
1.92	9.8	0.879192
1.92	10	0
1.94	0	13.9284
1.94	0.2	13.7842
1.94	0.4	13.6384
1.94	0.6	13.4911
1.94	0.8	13.3422
1.94	1	13.1916
1.94	1.2	13.0392
1.94	1.4	12.8851
1.94	1.6	12.7291
1.94	1.8	12.5712
1.94	2	12.4113
1.94	2.2	12.2494
1.94	2.4	12.0853
1.94	2.6	11.9189
1.94	2.8	11.7502
1.94	3	11.5791
1.94	3.2	11.4054
1.94	3.4	11.2291
1.94	3.6	11.05
1.94	3.8	10.868
1.94	4	10.683
1.94	4.2	10.4947
1.94	4.4	10.3031
1.94	4.6	10.108
1.94	4.8	9.90907
1.94	5	9.70623
1.94	5.2	9.49924
1.94	5.4	9.28784
1.94	5.6	9.07178
1.94	5.8	8.85079
1.94	6	8.62459
1.94	6.2	8.39288
1.94	6.4	8.15538
1.94	6.6	7.91183
1.94	6.8	7.66201
1.94	7	7.40583
1.94	7.2	7.14341
1.94	7.4	6.87525
1.94	7.6	6.60255
1.94	7.8	6.32772
1.94	8	6.05544
1.94	8.2	5.79456
1.94	8.4	5.56176
1.94	8.6	5.38884
1.94	8.8	5.33677
1.94	9	5.51992
1.94	9.2	6.12753
1.94	9.4	7.33459
1.94	9.6	8.90515
1.94	9.8	10.4047
1.94	10	0
